10.0 1.12433424883e-21
10.0230600763 1.1135002743e-21
10.0461733294 1.10277549346e-21
10.0693398817 1.09215876225e-21
10.0925598564 1.081648949e-21
10.1158333764 1.07124493433e-21
10.1391605654 1.06094561099e-21
10.162541547 1.05074988373e-21
10.1859764454 1.04065666917e-21
10.2094653848 1.03066489565e-21
10.2330084899 1.02077350313e-21
10.2566058856 1.01098144304e-21
10.2802576971 1.00128767814e-21
10.3039640498 9.91691182423e-22
10.3277250695 9.8219094097e-22
10.3515408824 9.7278594983e-22
10.3754116146 9.63475215897e-22
10.399337393 9.54257756793e-22
10.4233183444 9.45132600744e-22
10.4473545961 9.36098786466e-22
10.4714462755 9.27155363042e-22
10.4955935105 9.18301389815e-22
10.5197964293 9.09535936265e-22
10.5440551601 9.00858081904e-22
10.5683698318 8.92266916157e-22
10.5927405733 8.83761538259e-22
10.6171675139 8.7534105714e-22
10.6416507832 8.6700459132e-22
10.6661905112 8.58751268803e-22
10.6907868279 8.50580226969e-22
10.7154398639 8.42490612473e-22
10.74014975 8.3448158114e-22
10.7649166173 8.26552297864e-22
10.7897405972 8.18701936508e-22
10.8146218214 8.10929679802e-22
10.8395604218 8.03234719249e-22
10.8645565309 7.95616255023e-22
10.8896102812 7.88073495877e-22
10.9147218056 7.80605659044e-22
10.9398912374 7.73211970147e-22
10.9651187101 7.65891663105e-22
10.9904043575 7.5864398004e-22
11.0157483139 7.51468171186e-22
11.0411507136 7.44363494802e-22
11.0666116914 7.3732921708e-22
11.0921313824 7.30364612061e-22
11.117709922 7.23468961544e-22
11.143347446 7.16641555005e-22
11.1690440902 7.09881689507e-22
11.1947999911 7.03188669621e-22
11.2206152854 6.96561807342e-22
11.2464901098 6.90000422006e-22
11.2724246019 6.83503840207e-22
11.298418899 6.77071395724e-22
11.3244731393 6.70702429435e-22
11.3505874608 6.6439628924e-22
11.3767620021 6.58152329989e-22
11.4029969021 6.51969913397e-22
11.4292923 6.45848407975e-22
11.4556483352 6.39787188955e-22
11.4820651477 6.33785638212e-22
11.5085428776 6.27843144194e-22
11.5350816653 6.2195910185e-22
11.5616816517 6.16132912556e-22
11.5883429778 6.10363984048e-22
11.6150657852 6.04651730349e-22
11.6418502155 5.98995571704e-22
11.668696411 5.93394934505e-22
11.695604514 5.87849251232e-22
11.7225746672 5.8235796038e-22
11.7496070139 5.76920506396e-22
11.7767016973 5.71536339611e-22
11.8038588613 5.66204916181e-22
11.83107865 5.60925698017e-22
11.8583612076 5.55698152726e-22
11.8857066791 5.50521753547e-22
11.9131152094 5.45395979292e-22
11.940586944 5.4032031428e-22
11.9681220286 5.35294248283e-22
11.9957206094 5.3031727646e-22
12.0233828327 5.25388899304e-22
12.0511088452 5.20508622581e-22
12.0788987942 5.15675957271e-22
12.106752827 5.10890419517e-22
12.1346710914 5.06151530559e-22
12.1626537356 5.01458816689e-22
12.1907009079 4.96811809187e-22
12.2188127573 4.92210044274e-22
12.2469894328 4.87653063053e-22
12.2752310839 4.83140411457e-22
12.3035378604 4.78671640199e-22
12.3319099126 4.74246304718e-22
12.360347391 4.69863965126e-22
12.3888504464 4.6552418616e-22
12.4174192301 4.61226537131e-22
12.4460538937 4.56970591873e-22
12.4747545889 4.52755928697e-22
12.5035214682 4.48582130337e-22
12.5323546842 4.44448783907e-22
12.5612543897 4.40355480853e-22
12.5902207382 4.36301816903e-22
12.6192538833 4.32287392022e-22
12.6483539791 4.28311810369e-22
12.6775211799 4.24374680245e-22
12.7067556405 4.20475614056e-22
12.736057516 4.16614228262e-22
12.7654269618 4.12790143337e-22
12.7948641338 4.09002983724e-22
12.8243691882 4.05252377793e-22
12.8539422814 4.01537957797e-22
12.8835835704 3.97859359832e-22
12.9132932125 3.94216223793e-22
12.9430713652 3.90608193336e-22
12.9729181865 3.87034915836e-22
13.0028338349 3.83496042345e-22
13.032818469 3.79991227554e-22
13.0628722478 3.76520129757e-22
13.0929953309 3.73082410805e-22
13.1231878781 3.69677736074e-22
13.1534500495 3.66305774423e-22
13.1837820057 3.62966198159e-22
13.2141839076 3.59658682999e-22
13.2446559166 3.56382908033e-22
13.2751981942 3.53138555688e-22
13.3058109026 3.49925311692e-22
13.3364942041 3.46742865038e-22
13.3672482615 3.43590907951e-22
13.398073238 3.40469135849e-22
13.4289692971 3.37377247314e-22
13.4599366028 3.34314944055e-22
13.4909753194 3.31281930874e-22
13.5220856114 3.28277915633e-22
13.5532676441 3.25302609224e-22
13.5845215827 3.22355725533e-22
13.6158475931 3.19436981409e-22
13.6472458416 3.16546096634e-22
13.6787164947 3.13682793888e-22
13.7102597193 3.10846798722e-22
13.7418756829 3.08037839523e-22
13.7735645531 3.05255647488e-22
13.8053264981 3.02499956592e-22
13.8371616863 2.99770503557e-22
13.8690702868 2.97067027823e-22
13.9010524687 2.94389271522e-22
13.9331084018 2.91736979446e-22
13.9652382562 2.8910989902e-22
13.9974422022 2.86507780272e-22
14.0297204107 2.83930375808e-22
14.0620730531 2.81377440784e-22
14.0945003008 2.78848732875e-22
14.1270023261 2.76344012254e-22
14.1595793013 2.73863041562e-22
14.1922313992 2.71405585882e-22
14.2249587932 2.68971412711e-22
14.2577616567 2.66560291941e-22
14.2906401639 2.64171995825e-22
14.3235944892 2.61806298958e-22
14.3566248074 2.59462978249e-22
14.3897312938 2.57141812897e-22
14.422914124 2.5484258437e-22
14.4561734741 2.52565076374e-22
14.4895095204 2.50309074835e-22
14.52292244 2.48074367875e-22
14.55641241 2.45860745783e-22
14.5899796081 2.43668001002e-22
14.6236242124 2.41495928095e-22
14.6573464015 2.39344323732e-22
14.6911463541 2.37212986661e-22
14.7250242497 2.35101717691e-22
14.7589802681 2.33010319665e-22
14.7930145892 2.30938597443e-22
14.8271273937 2.2888635788e-22
14.8613188627 2.268534098e-22
14.8955891774 2.24839563983e-22
14.9299385197 2.22844633137e-22
14.9643670719 2.20868431884e-22
14.9988750166 2.18910776734e-22
15.0334625369 2.16971486069e-22
15.0681298162 2.15050380123e-22
15.1028770386 2.13147280958e-22
15.1377043883 2.11262012451e-22
15.1726120502 2.09394400272e-22
15.2076002094 2.07544271863e-22
15.2426690515 2.05711456423e-22
15.2778187627 2.03895784889e-22
15.3130495294 2.02097089913e-22
15.3483615384 2.0031520585e-22
15.3837549773 1.98549968737e-22
15.4192300337 1.96801216277e-22
15.4547868958 1.95068787818e-22
15.4904257524 1.9335252434e-22
15.5261467924 1.91652268435e-22
15.5619502054 1.89967864291e-22
15.5978361813 1.88299157676e-22
15.6338049106 1.86645995919e-22
15.6698565841 1.85008227896e-22
15.7059913929 1.83385704014e-22
15.742209529 1.81778276192e-22
15.7785111843 1.80185797849e-22
15.8148965515 1.78608123884e-22
15.8513658237 1.77045110666e-22
15.8879191942 1.75496616011e-22
15.9245568572 1.73962499176e-22
15.9612790068 1.72442620836e-22
15.998085838 1.70936843074e-22
16.0349775461 1.69445029363e-22
16.0719543267 1.67967044554e-22
16.109016376 1.66502754861e-22
16.1461638908 1.65052027846e-22
16.1833970679 1.63614732405e-22
16.2207161051 1.62190738756e-22
16.2581212002 1.60779918421e-22
16.2956125518 1.59382144216e-22
16.3331903587 1.57997290238e-22
16.3708548203 1.56625231849e-22
16.4086061365 1.55265845663e-22
16.4464445075 1.53919009536e-22
16.4843701341 1.52584602548e-22
16.5223832174 1.51262504997e-22
16.5604839592 1.49952598379e-22
16.5986725616 1.48654765382e-22
16.6369492272 1.47368889867e-22
16.6753141591 1.46094856864e-22
16.7137675608 1.44832552552e-22
16.7523096364 1.43581864251e-22
16.7909405903 1.4234268041e-22
16.8296606274 1.41114890595e-22
16.8684699533 1.39898385477e-22
16.9073687738 1.3869305682e-22
16.9463572952 1.37498797471e-22
16.9854357245 1.36315501348e-22
17.0246042689 1.3514306343e-22
17.0638631363 1.33981379744e-22
17.1032125349 1.32830347354e-22
17.1426526735 1.31689864354e-22
17.1821837615 1.30559829854e-22
17.2218060083 1.29440143969e-22
17.2615196244 1.28330707812e-22
17.3013248204 1.27231423478e-22
17.3412218075 1.26142194042e-22
17.3812107974 1.25062923541e-22
17.4212920021 1.23993516969e-22
17.4614656345 1.22933880264e-22
17.5017319075 1.21883920301e-22
17.5420910348 1.2084354488e-22
17.5825432307 1.19812662718e-22
17.6230887095 1.18791183441e-22
17.6637276866 1.17779017568e-22
17.7044603775 1.1677607651e-22
17.7452869982 1.15782272558e-22
17.7862077655 1.1479751887e-22
17.8272228964 1.13821729467e-22
17.8683326084 1.12854819224e-22
17.9095371198 1.11896703856e-22
17.9508366491 1.10947299915e-22
17.9922314154 1.10006524781e-22
18.0337216384 1.09074296649e-22
18.0753075381 1.08150534524e-22
18.1169893353 1.07235158215e-22
18.1587672509 1.06328088319e-22
18.2006415068 1.05429246222e-22
18.242612325 1.04538554086e-22
18.2846799283 1.03655934839e-22
18.3268445398 1.02781312174e-22
18.3691063832 1.01914610534e-22
18.4114656827 1.01055755109e-22
18.4539226631 1.00204671825e-22
18.4964775496 9.93612873403e-23
18.539130568 9.85255290351e-23
18.5818819446 9.76973250046e-23
18.6247319062 9.68766040521e-23
18.6676806801 9.60632956821e-23
18.7107284942 9.52573300922e-23
18.7538755769 9.44586381669e-23
18.7971221571 9.366715147e-23
18.8404684643 9.28828022379e-23
18.8839147284 9.21055233729e-23
18.9274611799 9.13352484359e-23
18.9711080498 9.05719116403e-23
19.0148555698 8.98154478449e-23
19.0587039718 8.90657925475e-23
19.1026534887 8.83228818784e-23
19.1467043534 8.75866525939e-23
19.1908567998 8.68570420698e-23
19.235111062 8.61339882955e-23
19.279467375 8.54174298674e-23
19.3239259739 8.47073059827e-23
19.3684870947 8.40035564335e-23
19.4131509737 8.33061216009e-23
19.457917848 8.26149424484e-23
19.5027879551 8.19299605166e-23
19.547761533 8.12511179172e-23
19.5928388203 8.05783573268e-23
19.6380200561 7.99116219817e-23
19.6833054803 7.92508556721e-23
19.7286953329 7.85960027363e-23
19.774189855 7.79470080551e-23
19.8197892877 7.73038170467e-23
19.8654938731 7.66663756608e-23
19.9113038536 7.60346303736e-23
19.9572194722 7.5408528182e-23
20.0032409726 7.47880165991e-23
20.049368599 7.41730436479e-23
20.095602596 7.35635578573e-23
20.141943209 7.29595082562e-23
20.1883906837 7.23608443686e-23
20.2349452667 7.17675162089e-23
20.281607205 7.11794742765e-23
20.328376746 7.05966695513e-23
20.3752541379 7.00190534887e-23
20.4222396295 6.94465780146e-23
20.4693334699 6.88791955213e-23
20.5165359091 6.83168588617e-23
20.5638471975 6.7759521346e-23
20.6112675861 6.72071367359e-23
20.6587973265 6.66596592407e-23
20.7064366708 6.61170435128e-23
20.7541858718 6.5579244643e-23
20.8020451828 6.50462181562e-23
20.8500148578 6.45179200069e-23
20.8980951512 6.39943065753e-23
20.9462863181 6.34753346625e-23
20.9945886142 6.29609614865e-23
21.0430022958 6.24511446782e-23
21.0915276197 6.19458422769e-23
21.1401648434 6.14450127265e-23
21.1889142249 6.09486148712e-23
21.2377760228 6.04566079518e-23
21.2867504964 5.99689516013e-23
21.3358379055 5.94856058414e-23
21.3850385106 5.90065310784e-23
21.4343525726 5.85316880991e-23
21.4837803532 5.80610380677e-23
21.5333221147 5.75945425212e-23
21.5829781198 5.71321633662e-23
21.6327486321 5.66738628751e-23
21.6826339156 5.62196036824e-23
21.7326342349 5.57693487809e-23
21.7827498553 5.53230615185e-23
21.8329810427 5.48807055944e-23
21.8833280636 5.44422450557e-23
21.9337911852 5.40076442939e-23
21.984370675 5.35768680412e-23
22.0350668016 5.31498813677e-23
22.0858798338 5.27266496775e-23
22.1368100413 5.23071387057e-23
22.1878576942 5.18913145146e-23
22.2390230634 5.14791434914e-23
22.2903064203 5.10705923437e-23
22.3417080371 5.06656280976e-23
22.3932281863 5.02642180935e-23
22.4448671414 4.98663299836e-23
22.4966251764 4.94719317285e-23
22.5485025657 4.90809915942e-23
22.6004995847 4.86934781493e-23
22.6526165093 4.83093602616e-23
22.7048536158 4.79286070953e-23
22.7572111816 4.75511881083e-23
22.8096894843 4.71770730489e-23
22.8622888023 4.6806231953e-23
22.9150094148 4.64386351417e-23
22.9678516014 4.60742532178e-23
23.0208156425 4.57130570634e-23
23.073901819 4.53550178371e-23
23.1271104127 4.50001069713e-23
23.1804417059 4.46482961693e-23
23.2338959814 4.42995574027e-23
23.2874735228 4.3953862909e-23
23.3411746145 4.36111851886e-23
23.3949995413 4.32714970023e-23
23.4489485888 4.29347713691e-23
23.5030220433 4.26009815629e-23
23.5572201915 4.22701011108e-23
23.611543321 4.194210379e-23
23.6659917201 4.16169636258e-23
23.7205656777 4.12946548887e-23
23.7752654832 4.09751520923e-23
23.8300914268 4.06584299907e-23
23.8850437996 4.03444635765e-23
23.9401228929 4.00332280778e-23
23.995328999 3.97246989567e-23
24.0506624108 3.94188519063e-23
24.1061234219 3.91156628488e-23
24.1617123265 3.8815107933e-23
24.2174294195 3.85171635324e-23
24.2732749966 3.82218062428e-23
24.329249354 3.79290128801e-23
24.3853527887 3.76387604782e-23
24.4415855983 3.73510262866e-23
24.4979480813 3.70657877689e-23
24.5544405365 3.67830226e-23
24.6110632638 3.65027086646e-23
24.6678165635 3.62248240547e-23
24.7247007368 3.59493470679e-23
24.7817160854 3.5676256205e-23
24.8388629119 3.54055301686e-23
24.8961415193 3.51371478605e-23
24.9535522117 3.48710883803e-23
25.0110952935 3.46073310229e-23
25.0687710702 3.43458552772e-23
25.1265798476 3.40866408235e-23
25.1845219325 3.38296675325e-23
25.2425976323 3.35749154627e-23
25.3008072551 3.33223648587e-23
25.3591511097 3.30719961498e-23
25.4176295057 3.28237899479e-23
25.4762427534 3.25777270454e-23
25.5349911636 3.23337884142e-23
25.5938750481 3.20919552033e-23
25.6528947193 3.18522087372e-23
25.7120504904 3.16145305146e-23
25.771342675 3.13789022062e-23
25.8307715879 3.11453056532e-23
25.8903375444 3.09137228658e-23
25.9500408604 3.06841360212e-23
26.0098818526 3.04565274624e-23
26.0698608387 3.02308796964e-23
26.1299781368 3.00071753925e-23
26.1902340658 2.97853973807e-23
26.2506289454 2.95655286505e-23
26.3111630961 2.9347552349e-23
26.3718368391 2.91314517794e-23
26.4326504961 2.89172103998e-23
26.4936043899 2.87048118213e-23
26.5546988438 2.84942398065e-23
26.615934182 2.82854782687e-23
26.6773107294 2.80785112695e-23
26.7388288116 2.7873323018e-23
26.8004887549 2.76698978693e-23
26.8622908865 2.74682203227e-23
26.9242355343 2.72682750209e-23
26.9863230269 2.70700467482e-23
27.0485536938 2.6873520429e-23
27.1109278651 2.66786811271e-23
27.1734458717 2.64855140435e-23
27.2361080452 2.62940045159e-23
27.2989147183 2.61041380167e-23
27.361866224 2.59159001521e-23
27.4249628963 2.57292766607e-23
27.4882050701 2.55442534123e-23
27.5515930808 2.53608164064e-23
27.6151272647 2.51789517712e-23
27.6788079589 2.49986457623e-23
27.7426355013 2.48198847613e-23
27.8066102306 2.4642655275e-23
27.870732486 2.44669439337e-23
27.9350026078 2.42927374903e-23
27.999420937 2.41200228191e-23
28.0639878154 2.39487869146e-23
28.1287035855 2.37790168901e-23
28.1935685907 2.36106999773e-23
28.258583175 2.34438235242e-23
28.3237476835 2.32783749946e-23
28.3890624618 2.3114341967e-23
28.4545278566 2.2951712133e-23
28.520144215 2.27904732969e-23
28.5859118852 2.26306133741e-23
28.6518312162 2.24721203901e-23
28.7179025577 2.23149824799e-23
28.7841262602 2.21591878861e-23
28.850502675 2.20047249589e-23
28.9170321544 2.18515821543e-23
28.9837150512 2.16997480332e-23
29.0505517193 2.15492112608e-23
29.1175425133 2.13999606051e-23
29.1846877886 2.12519849364e-23
29.2519879014 2.11052732258e-23
29.3194432088 2.09598145448e-23
29.3870540686 2.08155980638e-23
29.4548208396 2.06726130516e-23
29.5227438812 2.05308488742e-23
29.5908235539 2.0390294994e-23
29.6590602189 2.02509409687e-23
29.7274542381 2.01127764506e-23
29.7960059745 1.99757911856e-23
29.8647157917 1.98399750125e-23
29.9335840543 1.97053178617e-23
30.0026111276 1.95718097546e-23
30.0717973778 1.9439440803e-23
30.1411431721 1.93082012076e-23
30.2106488783 1.91780812576e-23
30.2803148652 1.90490713299e-23
30.3501415024 1.8921161888e-23
30.4201291603 1.87943434813e-23
30.4902782103 1.86686067445e-23
30.5605890246 1.85439423962e-23
30.6310619761 1.8420341239e-23
30.7016974389 1.82977941576e-23
30.7724957875 1.81762921192e-23
30.8434573976 1.80558261717e-23
30.9145826458 1.79363874436e-23
30.9858719093 1.7817967143e-23
31.0573255665 1.77005565566e-23
31.1289439963 1.75841470496e-23
31.2007275787 1.74687300643e-23
31.2726766946 1.73542971197e-23
31.3447917258 1.72408398107e-23
31.4170730547 1.71283498075e-23
31.489521065 1.70168188546e-23
31.5621361409 1.69062387706e-23
31.6349186677 1.67966014468e-23
31.7078690316 1.66878988471e-23
31.7809876196 1.65801230071e-23
31.8542748196 1.64732660336e-23
31.9277310205 1.63673201034e-23
32.0013566119 1.62622774633e-23
32.0751519845 1.6158130429e-23
32.1491175298 1.60548713848e-23
32.2232536402 1.59524927825e-23
32.297560709 1.58509871412e-23
32.3720391305 1.57503470465e-23
32.4466892999 1.56505651497e-23
32.521511613 1.55516341674e-23
32.596506467 1.5453546881e-23
32.6716742597 1.53562961357e-23
32.7470153899 1.52598748403e-23
32.8225302574 1.51642759664e-23
32.8982192626 1.50694925476e-23
32.9740828074 1.49755176796e-23
33.050121294 1.48823445187e-23
33.1263351259 1.47899662821e-23
33.2027247076 1.46983762467e-23
33.2792904442 1.46075677488e-23
33.3560327419 1.45175341837e-23
33.432952008 1.44282690048e-23
33.5100486505 1.43397657232e-23
33.5873230785 1.42520179074e-23
33.6647757019 1.41650191823e-23
33.7424069316 1.40787632291e-23
33.8202171795 1.39932437845e-23
33.8982068584 1.39084546404e-23
33.9763763822 1.38243896431e-23
34.0547261654 1.3741042693e-23
34.1332566239 1.36584077442e-23
34.2119681742 1.35764788037e-23
34.2908612339 1.34952499312e-23
34.3699362216 1.34147152382e-23
34.4491935569 1.33348688881e-23
34.5286336602 1.32557050952e-23
34.6082569529 1.31772181245e-23
34.6880638576 1.30994022911e-23
34.7680547976 1.302225196e-23
34.8482301973 1.29457615452e-23
34.9285904821 1.28699255095e-23
35.0091360784 1.27947383641e-23
35.0898674134 1.2720194668e-23
35.1707849155 1.26462890276e-23
35.2518890139 1.25730160966e-23
35.333180139 1.25003705747e-23
35.4146587221 1.24283472082e-23
35.4963251954 1.23569407888e-23
35.5781799923 1.22861461536e-23
35.6602235469 1.22159581846e-23
35.7424562945 1.2146371808e-23
35.8248786716 1.20773819943e-23
35.9074911152 1.20089837574e-23
35.9902940638 1.19411721546e-23
36.0732879566 1.18739422858e-23
36.1564732339 1.18072892935e-23
36.2398503372 1.17412083621e-23
36.3234197086 1.16756947178e-23
36.4071817917 1.16107436277e-23
36.4911370308 1.15463504003e-23
36.5752858713 1.1482510384e-23
36.6596287597 1.14192189679e-23
36.7441661434 1.13564715803e-23
36.828898471 1.12942636894e-23
36.913826192 1.1232590802e-23
36.9989497569 1.11714484639e-23
37.0842696174 1.11108322589e-23
37.1697862262 1.10507378089e-23
37.2555000369 1.09911607735e-23
37.3414115044 1.09320968494e-23
37.4275210843 1.08735417703e-23
37.5138292336 1.08154913065e-23
37.6003364101 1.07579412643e-23
37.6870430729 1.07008874863e-23
37.7739496818 1.06443258505e-23
37.8610566981 1.058825227e-23
37.9483645838 1.0532662693e-23
38.0358738022 1.04775531023e-23
38.1235848175 1.0422919515e-23
38.2114980951 1.0368757982e-23
38.2996141013 1.03150645883e-23
38.3879333037 1.02618354517e-23
38.4764561709 1.02090667234e-23
38.5651831725 1.01567545873e-23
38.6541147793 1.01048952598e-23
38.743251463 1.00534849892e-23
38.8325936966 1.0002520056e-23
38.922141954 9.95199677209e-24
39.0118967104 9.90191148063e-24
39.101858442 9.85226055584e-24
39.192027626 9.80304040262e-24
39.2824047408 9.75424745633e-24
39.372990266 9.70587818246e-24
39.4637846821 9.6579290764e-24
39.5547884707 9.61039666316e-24
39.6460021149 9.56327749706e-24
39.7374260983 9.51656816152e-24
39.8290609062 9.47026526876e-24
39.9209070246 9.42436545955e-24
40.0129649409 9.37886540295e-24
40.1052351435 9.33376179605e-24
40.1977181218 9.28905136371e-24
40.2904143666 9.24473085832e-24
40.3833243697 9.20079705956e-24
40.4764486239 9.15724677411e-24
40.5697876233 9.11407683545e-24
40.6633418632 9.07128410361e-24
40.7571118399 9.02886546489e-24
40.8510980509 8.98681783167e-24
40.9453009948 8.94513814216e-24
41.0397211714 8.90382336016e-24
41.1343590817 8.86287047483e-24
41.2292152277 8.82227650044e-24
41.3242901127 8.78203847621e-24
41.4195842411 8.74215346599e-24
41.5150981185 8.70261855812e-24
41.6108322516 8.66343086517e-24
41.7067871483 8.62458752372e-24
41.8029633178 8.58608569415e-24
41.8993612703 8.54792256045e-24
41.9959815172 8.51009532994e-24
42.0928245711 8.47260123316e-24
42.1898909458 8.43543752355e-24
42.2871811564 8.39860147733e-24
42.3846957189 8.36209039327e-24
42.4824351507 8.32590159246e-24
42.5803999704 8.29003241814e-24
42.6785906977 8.2544802355e-24
42.7770078536 8.21924243147e-24
42.8756519602 8.18431641452e-24
42.9745235409 8.1496996145e-24
43.0736231201 8.11538948239e-24
43.1729512238 8.08138349018e-24
43.2725083788 8.04767913064e-24
43.3722951134 8.01427391713e-24
43.472311957 7.98116538344e-24
43.5725594402 7.94835108358e-24
43.6730380948 7.91582859163e-24
43.773748454 7.88359550155e-24
43.874691052 7.85164942697e-24
43.9758664245 7.81998800107e-24
44.0772751081 7.78860887636e-24
44.1789176409 7.75750972454e-24
44.2807945622 7.7266882363e-24
44.3829064124 7.69614212116e-24
44.4852537333 7.66586910734e-24
44.587837068 7.63586694153e-24
44.6906569606 7.60613338876e-24
44.7937139566 7.57666623224e-24
44.8970086029 7.54746327319e-24
45.0005414474 7.51852233069e-24
45.1043130394 7.48984124151e-24
45.2083239296 7.46141785993e-24
45.3125746696 7.43325005766e-24
45.4170658126 7.4053357236e-24
45.521797913 7.37767276373e-24
45.6267715264 7.35025910097e-24
45.7319872098 7.32309267499e-24
45.8374455214 7.2961714421e-24
45.9431470206 7.26949337509e-24
46.0490922683 7.24305646307e-24
46.1552818265 7.21685871134e-24
46.2617162587 7.19089814126e-24
46.3683961295 7.16517279008e-24
46.4753220049 7.13968071082e-24
46.5824944521 7.11441997211e-24
46.6899140399 7.08938865809e-24
46.797581338 7.06458486823e-24
46.9054969177 7.04000671723e-24
47.0136613516 7.01565233486e-24
47.1220752135 6.99151986585e-24
47.2307390786 6.96760746974e-24
47.3396535234 6.94391332075e-24
47.4488191258 6.92043560769e-24
47.5582364648 6.89717253376e-24
47.6679061211 6.87412231649e-24
47.7778286764 6.85128318758e-24
47.888004714 6.8286533928e-24
47.9984348184 6.80623119184e-24
48.1091195754 6.78401485819e-24
48.2200595724 6.76200267904e-24
48.3312553978 6.74019295516e-24
48.4427076416 6.71858400076e-24
48.5544168952 6.69717414339e-24
48.6663837511 6.67596172381e-24
48.7786088035 6.65494509589e-24
48.8910926477 6.63412262648e-24
49.0038358805 6.61349269532e-24
49.1168391 6.59305369491e-24
49.2301029059 6.57280403039e-24
49.3436278989 6.55274211946e-24
49.4574146815 6.53286639225e-24
49.5714638572 6.51317529119e-24
49.6857760312 6.49366727098e-24
49.80035181 6.47434079839e-24
49.9151918013 6.45519435221e-24
50.0302966146 6.43622642315e-24
50.1456668604 6.41743551371e-24
50.261303151 6.39882013808e-24
50.3772060996 6.38037882207e-24
50.4933763214 6.36211010297e-24
50.6098144326 6.34401252949e-24
50.7265210509 6.32608466161e-24
50.8434967957 6.30832507055e-24
50.9607422873 6.29073233861e-24
51.078258148 6.27330505912e-24
51.1960450011 6.25604183631e-24
51.3141034717 6.23894128525e-24
51.4324341859 6.22200203173e-24
51.5510377717 6.20522271219e-24
51.6699148583 6.18860197361e-24
51.7890660763 6.17213847342e-24
51.9084920579 6.15583087942e-24
52.0281934368 6.13967786971e-24
52.148170848 6.12367813257e-24
52.268424928 6.10783036636e-24
52.3889563148 6.09213327949e-24
52.5097656479 6.07658559029e-24
52.6308535683 6.06118602694e-24
52.7522207183 6.04593332738e-24
52.8738677419 6.03082623924e-24
52.9957952845 6.01586351973e-24
53.1180039929 6.00104393561e-24
53.2404945155 5.98636626305e-24
53.3632675022 5.97182928758e-24
53.4863236044 5.95743180401e-24
53.6096634748 5.94317261636e-24
53.733287768 5.92905053775e-24
53.8571971397 5.91506439036e-24
53.9813922473 5.90121300534e-24
54.1058737499 5.88749522272e-24
54.2306423077 5.87390989135e-24
54.3556985828 5.86045586883e-24
54.4810432386 5.84713202142e-24
54.6066769401 5.83393722398e-24
54.7326003539 5.82087035989e-24
54.858814148 5.807930321e-24
54.9853189922 5.79511600751e-24
55.1121155574 5.78242632797e-24
55.2392045166 5.76986019913e-24
55.3665865438 5.75741654596e-24
55.4942623149 5.74509430149e-24
55.6222325074 5.73289240681e-24
55.7504978001 5.72080981098e-24
55.8790588735 5.70884547095e-24
56.0079164098 5.69699835153e-24
56.1370710925 5.68526742529e-24
56.2665236069 5.67365167249e-24
56.3962746398 5.66215008108e-24
56.5263248795 5.65076164653e-24
56.6566750161 5.63948537189e-24
56.7873257412 5.62832026761e-24
56.9182777477 5.61726535158e-24
57.0495317306 5.606319649e-24
57.1810883862 5.59548219233e-24
57.3129484125 5.58475202126e-24
57.445112509 5.57412818265e-24
57.5775813769 5.56360973041e-24
57.710355719 5.55319572552e-24
57.8434362397 5.54288523593e-24
57.9768236452 5.53267733651e-24
58.110518643 5.52257110899e-24
58.2445219425 5.51256564191e-24
58.3788342547 5.50266003057e-24
58.513456292 5.49285337694e-24
58.6483887688 5.48314478968e-24
58.783632401 5.473533384e-24
58.9191879059 5.46401828165e-24
59.055056003 5.45459861088e-24
59.1912374128 5.44527350634e-24
59.3277328581 5.43604210909e-24
59.4645430629 5.4269035665e-24
59.601668753 5.41785703221e-24
59.7391106561 5.40890166607e-24
59.8768695012 5.40003663415e-24
60.0149460193 5.39126110859e-24
60.1533409428 5.38257426763e-24
60.2920550062 5.37397529554e-24
60.4310889452 5.36546338256e-24
60.5704434975 5.35703772485e-24
60.7101194025 5.34869752447e-24
60.8501174012 5.34044198929e-24
60.9904382364 5.332270333e-24
61.1310826525 5.32418177499e-24
61.2720513957 5.31617554038e-24
61.4133452138 5.30825085993e-24
61.5549648566 5.30040697e-24
61.6969110754 5.29264311252e-24
61.8391846232 5.28495853492e-24
61.981786255 5.27735249013e-24
62.1247167271 5.26982423647e-24
62.2679767981 5.2623730377e-24
62.4115672278 5.25499816287e-24
62.5554887782 5.24769888638e-24
62.6997422128 5.24047448785e-24
62.8443282969 5.23332425214e-24
62.9892477976 5.22624746928e-24
63.1345014838 5.21924343446e-24
63.280090126 5.21231144794e-24
63.4260144969 5.20545081504e-24
63.5722753704 5.19866084612e-24
63.7188735226 5.19194085649e-24
63.8658097313 5.18529016643e-24
64.013084776 5.1787081011e-24
64.160699438 5.17219399053e-24
64.3086545006 5.16574716959e-24
64.4569507487 5.1593669779e-24
64.6055889691 5.15305275989e-24
64.7545699504 5.14680386465e-24
64.9038944829 5.14061964598e-24
65.053563359 5.13449946233e-24
65.2035773726 5.12844267672e-24
65.3539373197 5.12244865679e-24
65.5046439979 5.11651677468e-24
65.655698207 5.11064640705e-24
65.8071007481 5.10483693503e-24
65.9588524247 5.09908774416e-24
66.1109540418 5.09339822443e-24
66.2634064065 5.08776777014e-24
66.4162103274 5.08219577997e-24
66.5693666153 5.07668165688e-24
66.7228760828 5.07122480809e-24
66.8767395443 5.06582464508e-24
67.0309578161 5.06048058353e-24
67.1855317165 5.05519204328e-24
67.3404620654 5.04995844832e-24
67.4957496849 5.04477922675e-24
67.6513953988 5.03965381075e-24
67.8074000329 5.03458163656e-24
67.963764415 5.02956214444e-24
68.1204893744 5.02459477861e-24
68.2775757428 5.01967898729e-24
68.4350243536 5.01481422262e-24
68.5928360421 5.00999994062e-24
68.7510116456 5.00523560121e-24
68.9095520031 5.00052066814e-24
69.068457956 4.99585460899e-24
69.2277303472 4.99123689513e-24
69.3873700218 4.98666700166e-24
69.5473778266 4.98214440746e-24
69.7077546107 4.97766859508e-24
69.8685012249 4.97323905077e-24
70.029618522 4.96885526442e-24
70.1911073568 4.96451672956e-24
70.3529685861 4.9602229433e-24
70.5152030686 4.95597340636e-24
70.6778116651 4.95176762297e-24
70.8407952382 4.9476051009e-24
71.0041546527 4.94348535143e-24
71.1678907753 4.93940788928e-24
71.3320044746 4.93537223266e-24
71.4964966213 4.93137790317e-24
71.6613680882 4.92742442583e-24
71.82661975 4.92351132902e-24
71.9922524834 4.91963814449e-24
72.1582671671 4.91580440729e-24
72.3246646819 4.9120096558e-24
72.4914459107 4.90825343168e-24
72.6586117382 4.90453527983e-24
72.8261630514 4.90085474839e-24
72.9941007393 4.89721138874e-24
73.1624256927 4.89360475541e-24
73.3311388048 4.89003440612e-24
73.5002409705 4.88649990174e-24
73.6697330872 4.88300080626e-24
73.839616054 4.87953668676e-24
74.0098907722 4.87610711342e-24
74.1805581452 4.87271165948e-24
74.3516190784 4.86934990121e-24
74.5230744795 4.8660214179e-24
74.694925258 4.86272579184e-24
74.8671723258 4.85946260831e-24
75.0398165966 4.85623145552e-24
75.2128589864 4.85303192465e-24
75.3863004133 4.84986360977e-24
75.5601417974 4.84672610787e-24
75.7343840611 4.84361901881e-24
75.9090281288 4.84054194531e-24
76.084074927 4.83749449293e-24
76.2595253845 4.83447627005e-24
76.4353804321 4.83148688786e-24
76.6116410027 4.82852596032e-24
76.7883080316 4.82559310418e-24
76.965382456 4.82268793892e-24
77.1428652154 4.81981008676e-24
77.3207572514 4.81695917261e-24
77.4990595077 4.8141348241e-24
77.6777729305 4.81133667153e-24
77.8568984677 4.80856434785e-24
78.0364370698 4.80581748866e-24
78.2163896893 4.80309573219e-24
78.3967572809 4.80039871927e-24
78.5775408016 4.79772609331e-24
78.7587412104 4.79507750033e-24
78.9403594687 4.79245258888e-24
79.1223965402 4.78985101005e-24
79.3048533905 4.78727241748e-24
79.4877309877 4.78471646729e-24
79.671030302 4.78218281811e-24
79.854752306 4.77967113107e-24
80.0388979743 4.77718106971e-24
80.2234682839 4.77471230008e-24
80.4084642141 4.7722644906e-24
80.5938867463 4.76983731217e-24
80.7797368642 4.76743043803e-24
80.966015554 4.76504354386e-24
81.1527238038 4.76267630769e-24
81.3398626043 4.7603284099e-24
81.5274329483 4.75799953322e-24
81.7154358309 4.75568936273e-24
81.9038722496 4.75339758579e-24
82.0927432042 4.7511238921e-24
82.2820496966 4.7488679736e-24
82.4717927312 4.74662952456e-24
82.6619733147 4.74440824146e-24
82.852592456 4.74220382305e-24
83.0436511666 4.74001597032e-24
83.23515046 4.73784438647e-24
83.4270913523 4.7356887769e-24
83.6194748617 4.73354884921e-24
83.8123020089 4.73142431319e-24
84.005573817 4.72931488079e-24
84.1992913114 4.72722026611e-24
84.3934555198 4.72514018541e-24
84.5880674724 4.72307435705e-24
84.7831282016 4.72102250155e-24
84.9786387423 4.7189843415e-24
85.1746001319 4.7169596016e-24
85.3710134099 4.71494800864e-24
85.5678796184 4.71294929146e-24
85.7651998019 4.71096318097e-24
85.9629750072 4.70898941012e-24
86.1612062837 4.70702771391e-24
86.359894683 4.70507782936e-24
86.5590412592 4.70313949548e-24
86.758647069 4.70121245331e-24
86.9587131714 4.69929644587e-24
87.1592406276 4.69739121815e-24
87.3602305018 4.69549651712e-24
87.5616838601 4.69361209171e-24
87.7636017714 4.69173769278e-24
87.9659853069 4.68987307315e-24
88.1688355404 4.68801798754e-24
88.3721535481 4.68617219261e-24
88.5759404087 4.6843354469e-24
88.7801972033 4.68250751088e-24
88.9849250157 4.68068814686e-24
89.1901249319 4.67887711907e-24
89.3957980407 4.67707419356e-24
89.6019454333 4.67527913827e-24
89.8085682034 4.67349172298e-24
90.0156674471 4.67171171929e-24
90.2232442633 4.66993890063e-24
90.4312997532 4.66817304226e-24
90.6398350206 4.66641392123e-24
90.848851172 4.66466131641e-24
91.0583493162 4.66291500844e-24
91.2683305647 4.66117477973e-24
91.4787960316 4.6594404145e-24
91.6897468334 4.65771169869e-24
91.9011840894 4.65598842001e-24
92.1131089214 4.65427036792e-24
92.3255224536 4.65255733361e-24
92.538425813 4.65084910999e-24
92.7518201293 4.64914549169e-24
92.9657065344 4.64744627506e-24
93.1800861632 4.64575125814e-24
93.3949601531 4.64406024067e-24
93.610329644 4.64237302406e-24
93.8261957787 4.64068941143e-24
94.0425597023 4.63900920752e-24
94.2594225627 4.63733221878e-24
94.4767855106 4.63565825328e-24
94.694649699 4.63398712073e-24
94.913016284 4.63231863251e-24
95.1318864239 4.63065260161e-24
95.3512612801 4.62898884262e-24
95.5711420164 4.62732717178e-24
95.7915297993 4.62566740692e-24
96.0124257982 4.62400936747e-24
96.2338311849 4.62235287445e-24
96.4557471341 4.62069775046e-24
96.6781748232 4.61904381969e-24
96.9011154322 4.61739090789e-24
97.124570144 4.61573884237e-24
97.348540144 4.61408745202e-24
97.5730266206 4.61243656723e-24
97.7980307647 4.61078601999e-24
98.0235537701 4.60913564378e-24
98.2495968332 4.60748527363e-24
98.4761611534 4.60583474609e-24
98.7032479326 4.60418389921e-24
98.9308583757 4.60253257257e-24
99.1589936902 4.60088060724e-24
99.3876550865 4.59922784578e-24
99.6168437777 4.59757413226e-24
99.8465609797 4.5959193122e-24
100.076807911 4.59426323263e-24
100.307585794 4.59260574203e-24
100.538895853 4.59094669035e-24
100.770739314 4.58928592899e-24
101.003117408 4.58762331081e-24
101.236031368 4.58595869012e-24
101.469482429 4.58429192266e-24
101.703471829 4.5826228656e-24
101.938000812 4.58095137756e-24
102.17307062 4.57927731856e-24
102.4086825 4.57760055005e-24
102.644837704 4.57592093488e-24
102.881537483 4.57423833731e-24
103.118783094 4.572552623e-24
103.356575795 4.57086365901e-24
103.594916847 4.56917131378e-24
103.833807516 4.56747545714e-24
104.073249069 4.56577596029e-24
104.313242775 4.56407269581e-24
104.553789909 4.56236553764e-24
104.794891747 4.56065436109e-24
105.036549567 4.55893904283e-24
105.278764652 4.55721946087e-24
105.521538287 4.55549549457e-24
105.76487176 4.55376702464e-24
106.008766361 4.55203393311e-24
106.253223385 4.55029610337e-24
106.49824413 4.54855342011e-24
106.743829893 4.54680576935e-24
106.98998198 4.54505303843e-24
107.236701695 4.54329511601e-24
107.483990347 4.54153189204e-24
107.73184925 4.53976325779e-24
107.980279716 4.53798910582e-24
108.229283065 4.53620932999e-24
108.478860618 4.53442382543e-24
108.729013699 4.53263248859e-24
108.979743634 4.53083521717e-24
109.231051755 4.52903191015e-24
109.482939394 4.52722246781e-24
109.735407888 4.52540679166e-24
109.988458576 4.5235847845e-24
110.242092801 4.52175635036e-24
110.496311908 4.51992139457e-24
110.751117247 4.51807982366e-24
111.006510168 4.51623154544e-24
111.262492028 4.51437646896e-24
111.519064184 4.51251450449e-24
111.776227997 4.51064556356e-24
112.033984832 4.50876955889e-24
112.292336056 4.50688640448e-24
112.55128304 4.50499601551e-24
112.810827158 4.50309830839e-24
113.070969786 4.50119320076e-24
113.331712306 4.49928061145e-24
113.593056099 4.49736046051e-24
113.855002554 4.4954326692e-24
114.117553058 4.49349715995e-24
114.380709007 4.49155385642e-24
114.644471795 4.48960268344e-24
114.908842822 4.48764356705e-24
115.17382349 4.48567643446e-24
115.439415206 4.48370121406e-24
115.705619379 4.48171783542e-24
115.97243742 4.4797262293e-24
116.239870746 4.47772632762e-24
116.507920775 4.47571806347e-24
116.77658893 4.47370137109e-24
117.045876635 4.47167618592e-24
117.31578532 4.46964244451e-24
117.586316416 4.4676000846e-24
117.857471359 4.46554904507e-24
118.129251588 4.46348926596e-24
118.401658544 4.46142068843e-24
118.674693672 4.4593432548e-24
118.948358421 4.45725690854e-24
119.222654244 4.45516159423e-24
119.497582594 4.4530572576e-24
119.773144932 4.45094384551e-24
120.049342718 4.44882130594e-24
120.326177419 4.44668958801e-24
120.603650502 4.44454864193e-24
120.881763441 4.44239841907e-24
121.16051771 4.44023887188e-24
121.439914789 4.43806995394e-24
121.719956159 4.43589161994e-24
122.000643307 4.43370382567e-24
122.281977722 4.43150652803e-24
122.563960896 4.42929968502e-24
122.846594325 4.42708325574e-24
123.129879509 4.42485720039e-24
123.413817951 4.42262148025e-24
123.698411157 4.42037605771e-24
123.983660637 4.41812089623e-24
124.269567905 4.41585596037e-24
124.556134477 4.41358121577e-24
124.843361874 4.41129662914e-24
125.131251619 4.40900216829e-24
125.41980524 4.40669780209e-24
125.709024269 4.40438350049e-24
125.998910238 4.4020592345e-24
126.289464687 4.39972497621e-24
126.580689156 4.39738069878e-24
126.872585191 4.39502637642e-24
127.165154341 4.39266198441e-24
127.458398158 4.39028749909e-24
127.752318197 4.38790289786e-24
128.046916018 4.38550815917e-24
128.342193183 4.38310326251e-24
128.63815126 4.38068818845e-24
128.934791819 4.37826291859e-24
129.232116433 4.37582743556e-24
129.53012668 4.37338172308e-24
129.82882414 4.37092576587e-24
130.1282104 4.3684595497e-24
130.428287046 4.36598306139e-24
130.729055672 4.36349628878e-24
131.030517872 4.36099922076e-24
131.332675246 4.35849184724e-24
131.635529398 4.35597415916e-24
131.939081933 4.35344614849e-24
132.243334463 4.35090780823e-24
132.548288602 4.3483591324e-24
132.853945967 4.34580011605e-24
133.16030818 4.34323075523e-24
133.467376867 4.34065104702e-24
133.775153657 4.33806098953e-24
134.083640182 4.33546058187e-24
134.39283808 4.33284982415e-24
134.70274899 4.33022871753e-24
135.013374558 4.32759726414e-24
135.32471643 4.32495546714e-24
135.636776259 4.32230333069e-24
135.9495557 4.31964085995e-24
136.263056413 4.31696806109e-24
136.577280061 4.31428494127e-24
136.892228311 4.31159150868e-24
137.207902835 4.30888777246e-24
137.524305306 4.30617374278e-24
137.841437404 4.30344943079e-24
138.15930081 4.30071484866e-24
138.477897212 4.2979700095e-24
138.7972283 4.29521492747e-24
139.117295768 4.29244961767e-24
139.438101314 4.28967409621e-24
139.75964664 4.28688838019e-24
140.081933452 4.28409248767e-24
140.404963459 4.28128643772e-24
140.728738377 4.27847025038e-24
141.053259922 4.27564394667e-24
141.378529816 4.27280754858e-24
141.704549784 4.2699610791e-24
142.031321558 4.26710456217e-24
142.358846869 4.26423802272e-24
142.687127457 4.26136148665e-24
143.016165062 4.25847498083e-24
143.34596143 4.2555785331e-24
143.676518311 4.25267217228e-24
144.007837459 4.24975592815e-24
144.339920631 4.24682983144e-24
144.67276959 4.24389391389e-24
145.006386101 4.24094820815e-24
145.340771934 4.23799274789e-24
145.675928863 4.23502756769e-24
146.011858667 4.23205270312e-24
146.348563127 4.22906819071e-24
146.686044031 4.22607406794e-24
147.024303168 4.22307037326e-24
147.363342333 4.22005714606e-24
147.703163325 4.2170344267e-24
148.043767947 4.21400225648e-24
148.385158006 4.21096067768e-24
148.727335313 4.2079097335e-24
149.070301684 4.20484946811e-24
149.414058937 4.20177992664e-24
149.758608897 4.19870115515e-24
150.103953392 4.19561320066e-24
150.450094255 4.19251611113e-24
150.79703332 4.18940993548e-24
151.14477243 4.18629472356e-24
151.493313429 4.18317052618e-24
151.842658166 4.18003739509e-24
152.192808495 4.17689538298e-24
152.543766272 4.17374454349e-24
152.895533362 4.17058493119e-24
153.248111629 4.16741660159e-24
153.601502944 4.16423961116e-24
153.955709182 4.1610540173e-24
154.310732222 4.15785987834e-24
154.666573949 4.15465725355e-24
155.023236249 4.15144620315e-24
155.380721015 4.14822678829e-24
155.739030143 4.14499907104e-24
156.098165535 4.14176311444e-24
156.458129096 4.13851898243e-24
156.818922736 4.1352667399e-24
157.180548369 4.13200645267e-24
157.543007913 4.1287381875e-24
157.906303292 4.12546201207e-24
158.270436433 4.12217799499e-24
158.635409267 4.11888620582e-24
159.001223731 4.11558671503e-24
159.367881767 4.11227959403e-24
159.735385319 4.10896491516e-24
160.103736336 4.10564275167e-24
160.472936774 4.10231317777e-24
160.842988591 4.09897626857e-24
161.213893751 4.09563210011e-24
161.58565422 4.09228074937e-24
161.958271972 4.08892229426e-24
162.331748983 4.08555681358e-24
162.706087235 4.0821843871e-24
163.081288714 4.07880509548e-24
163.457355411 4.07541902033e-24
163.83428932 4.07202624416e-24
164.212092442 4.06862685042e-24
164.59076678 4.06522092348e-24
164.970314345 4.06180854862e-24
165.350737149 4.05838981207e-24
165.732037211 4.05496480094e-24
166.114216553 4.05153360331e-24
166.497277205 4.04809630813e-24
166.881221197 4.04465300532e-24
167.266050566 4.04120378569e-24
167.651767356 4.03774874097e-24
168.038373611 4.03428796382e-24
168.425871383 4.03082154783e-24
168.814262728 4.02734958748e-24
169.203549706 4.02387217819e-24
169.593734383 4.0203894163e-24
169.984818829 4.01690139905e-24
170.376805119 4.01340822462e-24
170.769695332 4.0099099921e-24
171.163491552 4.00640680149e-24
171.55819587 4.00289875372e-24
171.953810379 3.99938595064e-24
172.350337179 3.99586849499e-24
172.747778371 3.99234649046e-24
173.146136067 3.98882004163e-24
173.545412378 3.98528925403e-24
173.945609424 3.98175423408e-24
174.346729327 3.97821508912e-24
174.748774215 3.97467192742e-24
175.151746222 3.97112485814e-24
175.555647486 3.96757399139e-24
175.960480149 3.96401943817e-24
176.366246359 3.96046131041e-24
176.772948269 3.95689972096e-24
177.180588037 3.95333478356e-24
177.589167826 3.9497666129e-24
177.998689802 3.94619532456e-24
178.409156139 3.94262103506e-24
178.820569015 3.93904386181e-24
179.232930612 3.93546392315e-24
179.646243118 3.93188133835e-24
180.060508726 3.92829622756e-24
180.475729633 3.92470871188e-24
180.891908043 3.9211189133e-24
181.309046164 3.91752695476e-24
181.727146208 3.91393296007e-24
182.146210394 3.910337054e-24
182.566240946 3.90673936222e-24
182.987240091 3.9031400113e-24
183.409210063 3.89953912875e-24
183.832153101 3.89593684298e-24
184.256071449 3.89233328333e-24
184.680967356 3.88872858006e-24
185.106843077 3.88512286432e-24
185.53370087 3.8815162682e-24
185.961543 3.87790892471e-24
186.390371737 3.87430096776e-24
186.820189357 3.87069253219e-24
187.25099814 3.86708375376e-24
187.682800371 3.86347476913e-24
188.115598341 3.8598657159e-24
188.549394346 3.85625673258e-24
188.984190689 3.85264795859e-24
189.419989675 3.84903953427e-24
189.856793617 3.8454316009e-24
190.294604832 3.84182430065e-24
190.733425643 3.83821777662e-24
191.173258378 3.83461217284e-24
191.614105371 3.83100763424e-24
192.055968961 3.82740430669e-24
192.498851491 3.82380233696e-24
192.942755312 3.82020187277e-24
193.387682778 3.81660306271e-24
193.833636251 3.81300605635e-24
194.280618095 3.80941100414e-24
194.728630683 3.80581805746e-24
195.177676392 3.80222736862e-24
195.627757604 3.79863909085e-24
196.078876706 3.79505337829e-24
196.531036092 3.79147038602e-24
196.984238161 3.78789027004e-24
197.438485318 3.78431318725e-24
197.893779972 3.78073929549e-24
198.350124539 3.77716875354e-24
198.80752144 3.77360172108e-24
199.265973102 3.77003835872e-24
199.725481957 3.76647882799e-24
200.186050442 3.76292329137e-24
200.647681003 3.75937191222e-24
201.110376086 3.75582485487e-24
201.574138149 3.75228228454e-24
202.03896965 3.74874436741e-24
202.504873056 3.74521127056e-24
202.971850839 3.74168316201e-24
203.439905476 3.7381602107e-24
203.909039451 3.7346425865e-24
204.379255252 3.73113046021e-24
204.850555374 3.72762400356e-24
205.322942319 3.72412338919e-24
205.796418591 3.7206287907e-24
206.270986703 3.71714038259e-24
206.746649172 3.71365834031e-24
207.223408523 3.71018284023e-24
207.701267285 3.70671405965e-24
208.180227993 3.7032521768e-24
208.660293187 3.69979737084e-24
209.141465416 3.69634982188e-24
209.623747232 3.69290971094e-24
210.107141193 3.68947721997e-24
210.591649864 3.68605253187e-24
211.077275816 3.68263583045e-24
211.564021625 3.67922730049e-24
212.051889873 3.67582712766e-24
212.54088315 3.67243549858e-24
213.031004049 3.66905260083e-24
213.52225517 3.66567862289e-24
214.01463912 3.66231375418e-24
214.508158511 3.65895818508e-24
215.002815962 3.65561210687e-24
215.498614097 3.6522757118e-24
215.995555545 3.64894919303e-24
216.493642945 3.64563274467e-24
216.992878938 3.64232656176e-24
217.493266173 3.6390308403e-24
217.994807305 3.63574577719e-24
218.497504994 3.6324715703e-24
219.001361909 3.62920841842e-24
219.506380721 3.62595652128e-24
220.01256411 3.62271607957e-24
220.519914762 3.61948729489e-24
221.028435369 3.6162703698e-24
221.538128628 3.6130655078e-24
222.048997243 3.60987291331e-24
222.561043925 3.60669279171e-24
223.074271391 3.60352534932e-24
223.588682364 3.6003707934e-24
224.104279572 3.59722933214e-24
224.621065751 3.5941011747e-24
225.139043643 3.59098653114e-24
225.658215996 3.5878856125e-24
226.178585564 3.58479863076e-24
226.700155109 3.58172579881e-24
227.222927397 3.57866733053e-24
227.746905202 3.5756234407e-24
228.272091303 3.57259434508e-24
228.798488488 3.56958026035e-24
229.326099549 3.56658140415e-24
229.854927285 3.56359799506e-24
230.384974502 3.5606302526e-24
230.916244011 3.55767839723e-24
231.448738632 3.55474265038e-24
231.98246119 3.55182323441e-24
232.517414516 3.54892037262e-24
233.053601449 3.54603428926e-24
233.591024832 3.54316520954e-24
234.129687519 3.5403133596e-24
234.669592365 3.53747896653e-24
235.210742236 3.53466225838e-24
235.753140003 3.53186346413e-24
236.296788543 3.52908281372e-24
236.841690741 3.52632053803e-24
237.387849487 3.52357686889e-24
237.93526768 3.52085203907e-24
238.483948224 3.51814628231e-24
239.033894028 3.51545983328e-24
239.585108012 3.51279292759e-24
240.1375931 3.51014580183e-24
240.691352223 3.5075186935e-24
241.246388318 3.50491184108e-24
241.802704331 3.50232548398e-24
242.360303212 3.49975986256e-24
242.919187921 3.49721521814e-24
243.479361423 3.49469179297e-24
244.040826689 3.49218983027e-24
244.603586698 3.4897095742e-24
245.167644435 3.48725126985e-24
245.733002895 3.48481516329e-24
246.299665075 3.48240150152e-24
246.867633982 3.48001053249e-24
247.436912631 3.47764250509e-24
248.00750404 3.47529766919e-24
248.579411237 3.47297627556e-24
249.152637256 3.47067857597e-24
249.72718514 3.4684048231e-24
250.303057934 3.46615527058e-24
250.880258696 3.46393017301e-24
251.458790488 3.46172978593e-24
252.038656378 3.4595543658e-24
252.619859443 3.45740417007e-24
253.202402767 3.45527945711e-24
253.786289441 3.45318048623e-24
254.371522561 3.45110751772e-24
254.958105233 3.44906081277e-24
255.54604057 3.44704063356e-24
256.13533169 3.44504724319e-24
256.72598172 3.4430809057e-24
257.317993793 3.4411418861e-24
257.911371051 3.43923045032e-24
258.506116641 3.43734686525e-24
259.102233719 3.43549139871e-24
259.699725447 3.43366431947e-24
260.298594997 3.43186589725e-24
260.898845543 3.4300964027e-24
261.500480272 3.42835610741e-24
262.103502376 3.42664528394e-24
262.707915053 3.42496420574e-24
263.31372151 3.42331314725e-24
263.920924961 3.42169238382e-24
264.529528629 3.42010219175e-24
265.139535741 3.41854284828e-24
265.750949534 3.41701463157e-24
266.363773252 3.41551782074e-24
266.978010146 3.41405269584e-24
267.593663475 3.41261953785e-24
268.210736505 3.41121862868e-24
268.829232511 3.4098502512e-24
269.449154773 3.40851468918e-24
270.07050658 3.40721222734e-24
270.69329123 3.40594315134e-24
271.317512025 3.40470774775e-24
271.943172279 3.40350630409e-24
272.57027531 3.4023391088e-24
273.198824445 3.40120645125e-24
273.828823019 3.40010862173e-24
274.460274375 3.39904591147e-24
275.093181863 3.39801861262e-24
275.72754884 3.39702701824e-24
276.363378672 3.39607142235e-24
277.000674732 3.39515211985e-24
277.639440402 3.39426940659e-24
278.279679071 3.39342357933e-24
278.921394135 3.39261493574e-24
279.564588999 3.39184377443e-24
280.209267075 3.39111039491e-24
280.855431783 3.3904150976e-24
281.503086552 3.38975818386e-24
282.152234819 3.38913995593e-24
282.802880026 3.38856071699e-24
283.455025625 3.38802077111e-24
284.108675078 3.38752042328e-24
284.763831851 3.3870599794e-24
285.420499421 3.38663974625e-24
286.078681271 3.38626003156e-24
286.738380893 3.38592114391e-24
287.399601788 3.38562339283e-24
288.062347464 3.38536708872e-24
288.726621435 3.38515254288e-24
289.392427228 3.38498006752e-24
290.059768374 3.38484997573e-24
290.728648414 3.38476258151e-24
291.399070896 3.38471819974e-24
292.071039378 3.38471714618e-24
292.744557424 3.3847597375e-24
293.419628607 3.38484629125e-24
294.09625651 3.38497712584e-24
294.774444723 3.3851525606e-24
295.454196842 3.38537291572e-24
296.135516475 3.38563851226e-24
296.818407236 3.38594967217e-24
297.502872749 3.38630671827e-24
298.188916644 3.38670997426e-24
298.876542562 3.38715976469e-24
299.56575415 3.38765641501e-24
300.256555065 3.38820025149e-24
300.948948973 3.38879160132e-24
301.642939546 3.38943079249e-24
302.338530467 3.3901181539e-24
303.035725426 3.39085401529e-24
303.734528122 3.39163870723e-24
304.434942262 3.39247256118e-24
305.136971562 3.39335590943e-24
305.840619748 3.39428908511e-24
306.545890551 3.39527242221e-24
307.252787714 3.39630625555e-24
307.961314988 3.3973909208e-24
308.671476131 3.39852675445e-24
309.383274911 3.39971409384e-24
310.096715104 3.40095327714e-24
310.811800496 3.40224464334e-24
311.52853488 3.40358853225e-24
312.246922059 3.40498528452e-24
312.966965844 3.40643524161e-24
313.688670056 3.4079387458e-24
314.412038524 3.40949614018e-24
315.137075084 3.41110776865e-24
315.863783585 3.41277397593e-24
316.59216788 3.41449510752e-24
317.322231836 3.41627150974e-24
318.053979324 3.41810352972e-24
318.787414228 3.41999151535e-24
319.522540439 3.42193581535e-24
320.259361856 3.42393677919e-24
320.997882388 3.42599475717e-24
321.738105955 3.42811010032e-24
322.480036483 3.4302831605e-24
323.223677909 3.43251429031e-24
323.969034177 3.43480384313e-24
324.716109242 3.43715217311e-24
325.464907069 3.43955963516e-24
326.215431628 3.44202658496e-24
326.967686904 3.44455337894e-24
327.721676885 3.44714037429e-24
328.477405573 3.44978792893e-24
329.234876978 3.45249640154e-24
329.994095117 3.45526615155e-24
330.755064019 3.45809753911e-24
331.517787721 3.4609909251e-24
332.28227027 3.46394667116e-24
333.048515721 3.46696513962e-24
333.81652814 3.47004669354e-24
334.586311602 3.47319169673e-24
335.35787019 3.47640051366e-24
336.131207998 3.47967350955e-24
336.90632913 3.48301105029e-24
337.683237696 3.48641350251e-24
338.461937819 3.48988123351e-24
339.242433631 3.49341461127e-24
340.024729272 3.49701400449e-24
340.808828893 3.50067978251e-24
341.594736654 3.50441231539e-24
342.382456724 3.50821197384e-24
343.171993282 3.51207912924e-24
343.963350518 3.51601415363e-24
344.75653263 3.52001741971e-24
345.551543825 3.52408930084e-24
346.348388323 3.52823017102e-24
347.14707035 3.5324404049e-24
347.947594143 3.53672037777e-24
348.749963951 3.54107046555e-24
349.55418403 3.54549104479e-24
350.360258646 3.54998249265e-24
351.168192077 3.55454518692e-24
351.977988608 3.55917950601e-24
352.789652536 3.56388582893e-24
353.603188167 3.5686645353e-24
354.418599818 3.5735160053e-24
355.235891814 3.57844061976e-24
356.055068492 3.58343876005e-24
356.876134198 3.58851080814e-24
357.699093287 3.59365714657e-24
358.523950126 3.59887815844e-24
359.350709092 3.60417422744e-24
360.17937457 3.60954573779e-24
361.009950956 3.61499307426e-24
361.842442659 3.6205166222e-24
362.676854093 3.62611676746e-24
363.513189687 3.63179389644e-24
364.351453877 3.63754839608e-24
365.19165111 3.64338065382e-24
366.033785845 3.64929105762e-24
366.877862549 3.65527999597e-24
367.7238857 3.66134785784e-24
368.571859787 3.66749503271e-24
369.421789309 3.67372191053e-24
370.273678775 3.68002888177e-24
371.127532704 3.68641633734e-24
371.983355627 3.69288466865e-24
372.841152084 3.69943426755e-24
373.700926627 3.70606552638e-24
374.562683816 3.71277883789e-24
375.426428223 3.71957459531e-24
376.292164432 3.7264531923e-24
377.159897035 3.73341502293e-24
378.029630637 3.74046048172e-24
378.90136985 3.7475899636e-24
379.775119301 3.7548038639e-24
380.650883625 3.76210257836e-24
381.528667468 3.76948650313e-24
382.408475487 3.77695603472e-24
383.29031235 3.78451157006e-24
384.174182736 3.79215350641e-24
385.060091333 3.79988224144e-24
385.948042843 3.80769817314e-24
386.838041975 3.8156016999e-24
387.730093452 3.82359322041e-24
388.624202007 3.83167313372e-24
389.520372383 3.83984183922e-24
390.418609335 3.84809973659e-24
391.318917628 3.85644722586e-24
392.221302039 3.86488470734e-24
393.125767355 3.87341258167e-24
394.032318375 3.88203124975e-24
394.940959908 3.89074111279e-24
395.851696776 3.89954257225e-24
396.76453381 3.90843602988e-24
397.679475854 3.91742188769e-24
398.59652776 3.92650054792e-24
399.515694395 3.93567241308e-24
400.436980636 3.9449378859e-24
401.36039137 3.95429736935e-24
402.285931495 3.9637512666e-24
403.213605924 3.97329998106e-24
404.143419577 3.98294391631e-24
405.075377387 3.99268347615e-24
406.009484299 4.00251906456e-24
406.945745268 4.01245108568e-24
407.884165263 4.02247994385e-24
408.824749261 4.03260604355e-24
409.767502253 4.04282978941e-24
410.712429241 4.05315158622e-24
411.659535238 4.06357183887e-24
412.608825268 4.07409095243e-24
413.560304368 4.08470933203e-24
414.513977586 4.09542738294e-24
415.469849982 4.10624551054e-24
416.427926628 4.11716412025e-24
417.388212605 4.12818361764e-24
418.350713009 4.13930440828e-24
419.315432946 4.15052689787e-24
420.282377535 4.16185149211e-24
421.251551905 4.17327859677e-24
422.222961199 4.18480861766e-24
423.19661057 4.1964419606e-24
424.172505184 4.20817903143e-24
425.150650218 4.22002023602e-24
426.131050863 4.2319659802e-24
427.113712318 4.24401666981e-24
428.098639799 4.25617271068e-24
429.08583853 4.26843450858e-24
430.075313748 4.28080246926e-24
431.067070704 4.29327699842e-24
432.061114659 4.30585850169e-24
433.057450888 4.31854738464e-24
434.056084675 4.33134405275e-24
435.057021319 4.34424891143e-24
436.06026613 4.35726236596e-24
437.065824432 4.37038482156e-24
438.073701559 4.38361668327e-24
439.083902859 4.39695835606e-24
440.09643369 4.41041024471e-24
441.111299425 4.4239727539e-24
442.128505448 4.43764628812e-24
443.148057156 4.45143125169e-24
444.169959958 4.46532804876e-24
445.194219276 4.47933708331e-24
446.220840544 4.49345875908e-24
447.249829208 4.50769347963e-24
448.281190727 4.52204164829e-24
449.314930575 4.53650366816e-24
450.351054234 4.55107994211e-24
451.389567202 4.56577087274e-24
452.43047499 4.5805768624e-24
453.473783118 4.59549831317e-24
454.519497123 4.61053562683e-24
455.567622552 4.6256892049e-24
456.618164967 4.64095944856e-24
457.671129941 4.6563467587e-24
458.726523059 4.67185153588e-24
459.784349923 4.68747418032e-24
460.844616143 4.70321509189e-24
461.907327345 4.71907467011e-24
462.972489167 4.73505331414e-24
464.040107261 4.75115142274e-24
465.11018729 4.7673693943e-24
466.182734932 4.78370762681e-24
467.257755877 4.80016651783e-24
468.335255828 4.81674646451e-24
469.415240503 4.83344786357e-24
470.49771563 4.85027111129e-24
471.582686953 4.86721660348e-24
472.670160229 4.88428473549e-24
473.760141226 4.90147590221e-24
474.852635727 4.91879049801e-24
475.94764953 4.93622891679e-24
477.045188442 4.95379155193e-24
478.145258288 4.97147879628e-24
479.247864903 4.98929104216e-24
480.353014137 5.00722868137e-24
481.460711854 5.02529210513e-24
482.57096393 5.0434817041e-24
483.683776256 5.06179786837e-24
484.799154736 5.08024098742e-24
485.917105287 5.09881145017e-24
487.03763384 5.11750964489e-24
488.160746341 5.13633595926e-24
489.286448748 5.1552907803e-24
490.414747033 5.1743744944e-24
491.545647183 5.19358748728e-24
492.679155197 5.21293014403e-24
493.815277089 5.23240284901e-24
494.954018887 5.25200598593e-24
496.095386633 5.27173993779e-24
497.239386381 5.29160508685e-24
498.386024201 5.31160181469e-24
499.535306176 5.33173050212e-24
500.687238405 5.35199152923e-24
501.841826998 5.37238527532e-24
502.999078082 5.39291211895e-24
504.158997795 5.41357243789e-24
505.321592292 5.43436660911e-24
506.48686774 5.45529500878e-24
507.654830323 5.47635801226e-24
508.825486236 5.49755599408e-24
509.998841691 5.51888932793e-24
511.174902913 5.54035838666e-24
512.35367614 5.56196354225e-24
513.535167628 5.5837051658e-24
514.719383644 5.60558362755e-24
515.906330471 5.62759929682e-24
517.096014407 5.64975254204e-24
518.288441763 5.67204373071e-24
519.483618865 5.69447322942e-24
520.681552055 5.7170414038e-24
521.882247688 5.73974861854e-24
523.085712135 5.76259523734e-24
524.291951779 5.78558162298e-24
525.500973022 5.80870813719e-24
526.712782276 5.83197514075e-24
527.927385972 5.85538299341e-24
529.144790554 5.8789320539e-24
530.36500248 5.90262267993e-24
531.588028223 5.92645522815e-24
532.813874274 5.95043005417e-24
534.042547134 5.97454751253e-24
535.274053324 5.99880795669e-24
536.508399376 6.02321173903e-24
537.74559184 6.04775921082e-24
538.985637279 6.07245072224e-24
540.228542273 6.09728662231e-24
541.474313414 6.12226725896e-24
542.722957314 6.14739297896e-24
543.974480596 6.1726641279e-24
545.2288899 6.19808105026e-24
546.486191881 6.22364408928e-24
547.746393211 6.24935358706e-24
549.009500574 6.27520988447e-24
550.275520673 6.30121332119e-24
551.544460223 6.32736423568e-24
552.816325958 6.35366296514e-24
554.091124625 6.38010984556e-24
555.368862988 6.40670521166e-24
556.649547825 6.4334493969e-24
557.93318593 6.46034273345e-24
559.219784116 6.48738555222e-24
560.509349206 6.51457818281e-24
561.801888043 6.5419209535e-24
563.097407485 6.56941419128e-24
564.395914404 6.59705822178e-24
565.697415691 6.62485336931e-24
567.001918249 6.65279995682e-24
568.309429 6.68089830592e-24
569.619954881 6.70914873683e-24
570.933502844 6.73755156838e-24
572.25007986 6.76610711803e-24
573.569692911 6.79481570182e-24
574.892349001 6.8236776344e-24
576.218055146 6.85269322898e-24
577.546818379 6.88186279733e-24
578.87864575 6.9111866498e-24
580.213544325 6.94066509527e-24
581.551521187 6.97029844116e-24
582.892583433 7.00008699342e-24
584.23673818 7.03003105652e-24
585.583992557 7.06013093343e-24
586.934353713 7.09038692563e-24
588.287828813 7.12079933306e-24
589.644425036 7.15136845417e-24
591.004149581 7.18209458585e-24
592.36700966 7.21297802349e-24
593.733012506 7.24401906087e-24
595.102165364 7.27521799027e-24
596.4744755 7.30657510236e-24
597.849950193 7.33809068624e-24
599.228596741 7.36976502943e-24
600.610422458 7.40159841785e-24
601.995434677 7.4335911358e-24
603.383640744 7.46574346599e-24
604.775048025 7.49805568949e-24
606.169663901 7.53052808573e-24
607.567495773 7.5631609325e-24
608.968551055 7.59595450595e-24
610.372837182 7.62890908057e-24
611.780361603 7.66202492916e-24
613.191131786 7.69530232288e-24
614.605155216 7.72874153116e-24
616.022439395 7.76234282176e-24
617.442991842 7.79610646075e-24
618.866820094 7.83003271247e-24
620.293931704 7.86412183954e-24
621.724334245 7.89837410287e-24
623.158035305 7.93278976162e-24
624.595042491 7.9673690732e-24
626.035363426 8.0021122933e-24
627.479005752 8.03701967582e-24
628.925977129 8.07209147292e-24
630.376285232 8.10732793496e-24
631.829937757 8.14272931054e-24
633.286942416 8.17829584646e-24
634.747306939 8.21402778774e-24
636.211039073 8.24992537757e-24
637.678146585 8.28598885735e-24
639.148637258 8.32221846666e-24
640.622518894 8.35861444325e-24
642.099799312 8.39517702305e-24
643.58048635 8.43190644014e-24
645.064587864 8.46880292677e-24
646.552111727 8.50586671332e-24
648.043065831 8.54309802833e-24
649.537458087 8.58049709848e-24
651.035296423 8.61806414855e-24
652.536588785 8.65579940148e-24
654.04134314 8.69370307831e-24
655.549567469 8.73177539819e-24
657.061269775 8.77001657839e-24
658.576458078 8.80842683427e-24
660.095140417 8.84700637928e-24
661.617324849 8.88575542498e-24
663.14301945 8.924674181e-24
664.672232314 8.96376285504e-24
666.204971555 9.0030216529e-24
667.741245304 9.04245077843e-24
669.281061712 9.08205043355e-24
670.824428948 9.12182081823e-24
672.371355202 9.16176213051e-24
673.921848678 9.20187456647e-24
675.475917605 9.24215832023e-24
677.033570227 9.28261358398e-24
678.594814807 9.32324054791e-24
680.159659629 9.36403940026e-24
681.728112996 9.40501032731e-24
683.300183227 9.44615351335e-24
684.875878665 9.48746914069e-24
686.455207669 9.52895738966e-24
688.038178617 9.57061843863e-24
689.624799908 9.61245246394e-24
691.21507996 9.65445963997e-24
692.80902721 9.69664013909e-24
694.406650115 9.73899413167e-24
696.00795715 9.78152178609e-24
697.612956811 9.82422326872e-24
699.221657614 9.86709874393e-24
700.834068093 9.91014837408e-24
702.450196803 9.9533723195e-24
704.070052319 9.99677073854e-24
705.693643233 1.00403437875e-23
707.320978161 1.00840916207e-23
708.952065735 1.01280143905e-23
710.586914609 1.0172112247e-23
712.225533458 1.02163853386e-23
713.867930974 1.02608338114e-23
715.514115871 1.03054578097e-23
717.164096884 1.03502574757e-23
718.817882765 1.03952329494e-23
720.475482289 1.0440384369e-23
722.13690425 1.04857118706e-23
723.802157463 1.05312155883e-23
725.471250762 1.05768956542e-23
727.144193004 1.06227521981e-23
728.820993063 1.06687853482e-23
730.501659835 1.07149952304e-23
732.186202238 1.07613819685e-23
733.874629209 1.08079456847e-23
735.566949705 1.08546864986e-23
737.263172705 1.09016045282e-23
738.963307209 1.09486998892e-23
740.667362235 1.09959726956e-23
742.375346826 1.10434230591e-23
744.087270041 1.10910510895e-23
745.803140965 1.11388568945e-23
747.522968701 1.11868405799e-23
749.246762372 1.12350022493e-23
750.974531125 1.12833420045e-23
752.706284125 1.13318599452e-23
754.442030561 1.13805561691e-23
756.181779642 1.14294307718e-23
757.925540597 1.1478483847e-23
759.673322679 1.15277154865e-23
761.425135159 1.15771257798e-23
763.180987332 1.16267148148e-23
764.940888514 1.1676482677e-23
766.704848041 1.17264294502e-23
768.472875272 1.17765552161e-23
770.244979588 1.18268600545e-23
772.02117039 1.18773440431e-23
773.801457101 1.19280072578e-23
775.585849167 1.19788497723e-23
777.374356055 1.20298716586e-23
779.166987253 1.20810729865e-23
780.963752273 1.2132453824e-23
782.764660646 1.21840142372e-23
784.569721928 1.22357542901e-23
786.378945695 1.22876740448e-23
788.192341546 1.23397735616e-23
790.009919101 1.23920528986e-23
791.831688004 1.24445121124e-23
793.65765792 1.24971512572e-23
795.487838537 1.25499703857e-23
797.322239564 1.26029695485e-23
799.160870734 1.26561487943e-23
801.003741802 1.27095081699e-23
802.850862544 1.27630477204e-23
804.702242761 1.28167674888e-23
806.557892274 1.28706675163e-23
808.41782093 1.29247478424e-23
810.282038595 1.29790085045e-23
812.15055516 1.30334495383e-23
814.023380539 1.30880709777e-23
815.900524668 1.31428728546e-23
817.781997505 1.31978551993e-23
819.667809033 1.32530180401e-23
821.557969256 1.33083614036e-23
823.452488204 1.33638853146e-23
825.351375927 1.3419589796e-23
827.254642499 1.34754748692e-23
829.162298019 1.35315405536e-23
831.074352606 1.35877868668e-23
832.990816407 1.36442138249e-23
834.911699587 1.3700821442e-23
836.837012339 1.37576097307e-23
838.766764876 1.38145787017e-23
840.700967438 1.38717283642e-23
842.639630285 1.39290587254e-23
844.582763704 1.39865697911e-23
846.530378003 1.40442615653e-23
848.482483516 1.41021340504e-23
850.439090599 1.41601872472e-23
852.400209633 1.42184211545e-23
854.365851022 1.427683577e-23
856.336025195 1.43354310895e-23
858.310742605 1.43942071071e-23
860.290013729 1.44531638156e-23
862.273849067 1.4512301206e-23
864.262259144 1.45716192677e-23
866.25525451 1.46311179889e-23
868.252845738 1.46907973558e-23
870.255043427 1.47506573533e-23
872.2618582 1.48106979648e-23
874.273300702 1.48709191723e-23
876.289381606 1.4931320956e-23
878.310111609 1.49919032949e-23
880.33550143 1.50526661665e-23
882.365561815 1.51136095468e-23
884.400303535 1.51747334103e-23
886.439737385 1.52360377303e-23
888.483874185 1.52975224786e-23
890.53272478 1.53591876254e-23
892.586300041 1.54210331399e-23
894.644610861 1.54830589898e-23
896.707668162 1.55452651413e-23
898.775482889 1.56076515595e-23
900.848066012 1.56702182082e-23
902.925428528 1.57329650496e-23
905.007581458 1.5795892045e-23
907.094535848 1.58589991543e-23
909.186302771 1.59222863361e-23
911.282893325 1.59857535479e-23
913.384318632 1.60494007459e-23
915.490589842 1.6113227885e-23
917.60171813 1.61772349193e-23
919.717714695 1.62414218013e-23
921.838590765 1.63057884827e-23
923.964357591 1.63703349139e-23
926.095026452 1.64350610443e-23
928.230608651 1.64999668222e-23
930.371115519 1.65650521947e-23
932.516558413 1.6630317108e-23
934.666948714 1.66957615073e-23
936.822297831 1.67613853367e-23
938.9826172 1.68271885393e-23
941.147918282 1.68931710574e-23
943.318212565 1.69593328321e-23
945.493511563 1.70256738037e-23
947.673826817 1.70921939116e-23
949.859169895 1.71588930944e-23
952.04955239 1.72257712895e-23
954.244985924 1.72928284339e-23
956.445482145 1.73600644634e-23
958.651052727 1.74274793133e-23
960.861709371 1.74950729177e-23
963.077463807 1.75628452104e-23
965.298327789 1.76307961241e-23
967.5243131 1.7698925591e-23
969.755431551 1.77672335424e-23
971.991694978 1.78357199092e-23
974.233115245 1.79043846212e-23
976.479704244 1.79732276081e-23
978.731473895 1.80422487986e-23
980.988436144 1.81114481208e-23
983.250602965 1.81808255026e-23
985.51798636 1.82503808708e-23
987.790598359 1.83201141522e-23
990.068451018 1.83900252728e-23
992.351556422 1.84601141582e-23
994.639926686 1.85303807334e-23
996.933573948 1.86008249233e-23
999.232510379 1.8671446652e-23
1001.53674817 1.87422458435e-23
1003.84629956 1.88132224213e-23
1006.16117679 1.88843763086e-23
1008.48139214 1.89557074283e-23
1010.80695793 1.9027215703e-23
1013.13788649 1.90989010549e-23
1015.47419019 1.91707634063e-23
1017.81588142 1.92428026789e-23
1020.16297261 1.93150187944e-23
1022.51547621 1.93874116743e-23
1024.8734047 1.94599812399e-23
1027.2367706 1.95327274126e-23
1029.60558643 1.96056501134e-23
1031.97986477 1.96787492635e-23
1034.35961822 1.97520247838e-23
1036.74485939 1.98254765954e-23
1039.13560095 1.98991046194e-23
1041.53185558 1.99729087767e-23
1043.93363599 2.00468889886e-23
1046.34095492 2.01210451762e-23
1048.75382515 2.01953772609e-23
1051.17225947 2.02698851642e-23
1053.59627072 2.03445688076e-23
1056.02587177 2.04194281131e-23
1058.46107549 2.04944630027e-23
1060.90189481 2.05696733987e-23
1063.34834267 2.06450592237e-23
1065.80043207 2.07206204005e-23
1068.258176 2.07963568525e-23
1070.7215875 2.08722685031e-23
1073.19067966 2.09483552763e-23
1075.66546556 2.10246170964e-23
1078.14595833 2.11010538884e-23
1080.63217114 2.11776655774e-23
1083.12411717 2.12544520893e-23
1085.62180965 2.13314133503e-23
1088.12526183 2.14085492872e-23
1090.63448699 2.14858598276e-23
1093.14949844 2.15633448994e-23
1095.67030953 2.16410044314e-23
1098.19693363 2.17188383528e-23
1100.72938414 2.17968465937e-23
1103.2676745 2.18750290848e-23
1105.81181818 2.19533857577e-23
1108.36182867 2.20319165447e-23
1110.9177195 2.21106213788e-23
1113.47950424 2.2189500194e-23
1116.04719648 2.22685529251e-23
1118.62080983 2.23477795079e-23
1121.20035796 2.24271798788e-23
1123.78585454 2.25067539756e-23
1126.3773133 2.25865017368e-23
1128.97474798 2.2666423102e-23
1131.57817237 2.27465180119e-23
1134.18760027 2.2826786408e-23
1136.80304553 2.29072282334e-23
1139.42452203 2.29878434318e-23
1142.05204367 2.30686319485e-23
1144.6856244 2.31495937297e-23
1147.32527819 2.3230728723e-23
1149.97101904 2.33120368771e-23
1152.62286099 2.33935181422e-23
1155.2808181 2.34751724696e-23
1157.94490448 2.3556999812e-23
1160.61513427 2.36390001237e-23
1163.29152163 2.372117336e-23
1165.97408076 2.38035194779e-23
1168.66282589 2.38860384359e-23
1171.35777128 2.39687301939e-23
1174.05893124 2.40515947133e-23
1176.7663201 2.41346319571e-23
1179.47995222 2.421784189e-23
1182.19984199 2.43012244781e-23
1184.92600385 2.43847796894e-23
1187.65845226 2.44685074933e-23
1190.39720171 2.45524078612e-23
1193.14226674 2.4636480766e-23
1195.89366192 2.47207261826e-23
1198.65140183 2.48051440874e-23
1201.41550111 2.48897344591e-23
1204.18597443 2.49744972778e-23
1206.96283647 2.50594325257e-23
1209.74610199 2.5144540187e-23
1212.53578573 2.52298202478e-23
1215.33190251 2.5315272696e-23
1218.13446715 2.5400897522e-23
1220.94349453 2.54866947177e-23
1223.75899955 2.55726642774e-23
1226.58099714 2.56588061975e-23
1229.40950228 2.57451204765e-23
1232.24452998 2.58316071151e-23
1235.08609527 2.59182661161e-23
1237.93421323 2.60050974848e-23
1240.78889897 2.60921012284e-23
1243.65016765 2.61792773567e-23
1246.51803442 2.62666258818e-23
1249.39251453 2.63541468181e-23
1252.2736232 2.64418401823e-23
1255.16137573 2.65297059938e-23
1258.05578745 2.66177442741e-23
1260.95687369 2.67059550475e-23
1263.86464987 2.67943383407e-23
1266.7791314 2.68828941828e-23
1269.70033374 2.69716226059e-23
1272.6282724 2.70605236442e-23
1275.56296291 2.7149597335e-23
1278.50442084 2.72388437179e-23
1281.45266179 2.73282628354e-23
1284.40770141 2.74178547328e-23
1287.36955537 2.7507619458e-23
1290.3382394 2.75975570617e-23
1293.31376922 2.76876675977e-23
1296.29616065 2.77779511224e-23
1299.28542949 2.7868407695e-23
1302.2815916 2.7959037378e-23
1305.28466289 2.80498402364e-23
1308.29465929 2.81408163386e-23
1311.31159676 2.82319657557e-23
1314.33549131 2.8323288562e-23
1317.36635898 2.84147848348e-23
1320.40421586 2.85064546546e-23
1323.44907806 2.85982981049e-23
1326.50096174 2.86903152725e-23
1329.55988308 2.87825062472e-23
1332.62585832 2.88748711223e-23
1335.69890372 2.89674099941e-23
1338.77903558 2.90601229623e-23
1341.86627026 2.91530101299e-23
1344.96062412 2.92460716032e-23
1348.06211358 2.9339307492e-23
1351.17075511 2.94327179093e-23
1354.28656518 2.95263029716e-23
1357.40956034 2.9620062799e-23
1360.53975714 2.9713997515e-23
1363.67717221 2.98081072464e-23
1366.82182217 2.9902392124e-23
1369.97372373 2.99968522818e-23
1373.13289359 3.00914878575e-23
1376.29934852 3.01862989924e-23
1379.47310533 3.02812858317e-23
1382.65418084 3.03764485239e-23
1385.84259193 3.04717872216e-23
1389.03835552 3.05673020809e-23
1392.24148857 3.06629932616e-23
1395.45200807 3.07588609277e-23
1398.66993105 3.08549052466e-23
1401.89527459 3.09511263897e-23
1405.12805579 3.10475245325e-23
1408.36829181 3.11440998541e-23
1411.61599984 3.12408525376e-23
1414.87119711 3.13377827703e-23
1418.13390089 3.14348907433e-23
1421.40412849 3.15321766516e-23
1424.68189726 3.16296406946e-23
1427.96722459 3.17272830754e-23
1431.26012791 3.18251040015e-23
1434.56062469 3.19231036843e-23
1437.86873244 3.20212823395e-23
1441.18446871 3.2119640187e-23
1444.50785109 3.22181774508e-23
1447.83889722 3.23168943591e-23
1451.17762477 3.24157911446e-23
1454.52405145 3.25148680439e-23
1457.87819501 3.26141252983e-23
1461.24007326 3.27135631532e-23
1464.60970402 3.28131818583e-23
1467.98710518 3.2912981668e-23
1471.37229465 3.30129628408e-23
1474.76529039 3.31131256397e-23
1478.1661104 3.32134703322e-23
1481.57477274 3.33139971904e-23
1484.99129547 3.34147064906e-23
1488.41569673 3.35155985139e-23
1491.84799469 3.36166735459e-23
1495.28820755 3.37179318767e-23
1498.73635357 3.3819373801e-23
1502.19245104 3.39209996182e-23
1505.6565183 3.40228096322e-23
1509.12857372 3.41248041518e-23
1512.60863573 3.42269834903e-23
1516.09672279 3.43293479657e-23
1519.5928534 3.44318979009e-23
1523.09704612 3.45346336235e-23
1526.60931953 3.46375554657e-23
1530.12969228 3.47406637647e-23
1533.65818303 3.48439588625e-23
1537.1948105 3.49474411058e-23
1540.73959347 3.50511108463e-23
1544.29255073 3.51549684406e-23
1547.85370114 3.525901425e-23
1551.42306359 3.53632486411e-23
1555.00065701 3.5467671985e-23
1558.5865004 3.5572284658e-23
1562.18061276 3.56770870415e-23
1565.78301318 3.57820795216e-23
1569.39372076 3.58872624897e-23
1573.01275465 3.59926363421e-23
1576.64013407 3.60982014801e-23
1580.27587826 3.62039583102e-23
1583.92000649 3.63099072439e-23
1587.57253812 3.6416048698e-23
1591.23349251 3.65223830942e-23
1594.90288908 3.66289108595e-23
1598.58074732 3.67356324259e-23
1602.26708672 3.68425482308e-23
1605.96192686 3.69496587166e-23
1609.66528732 3.70569643311e-23
1613.37718775 3.71644655272e-23
1617.09764786 3.72721627631e-23
1620.82668738 3.73800565022e-23
1624.56432609 3.74881472133e-23
1628.31058383 3.75964353703e-23
1632.06548046 3.77049214527e-23
1635.82903592 3.78136059451e-23
1639.60127016 3.79224893374e-23
1643.3822032 3.80315721251e-23
1647.17185511 3.81408548088e-23
1650.97024598 3.82503378946e-23
1654.77739596 3.8360021894e-23
1658.59332527 3.8469907324e-23
1662.41805414 3.85799947068e-23
1666.25160286 3.86902845702e-23
1670.09399177 3.88007774474e-23
1673.94524126 3.8911473877e-23
1677.80537177 3.90223744031e-23
1681.67440376 3.91334795754e-23
1685.55235777 3.92447899489e-23
1689.43925437 3.93563060842e-23
1693.33511419 3.94680285475e-23
1697.23995788 3.95799579103e-23
1701.15380618 3.96920947498e-23
1705.07667984 3.98044396488e-23
1709.00859968 3.99169931954e-23
1712.94958655 4.00297559835e-23
1716.89966137 4.01427286125e-23
1720.8588451 4.02559116874e-23
1724.82715873 4.03693058187e-23
1728.80462332 4.04829116226e-23
1732.79125998 4.05967297207e-23
1736.78708985 4.07107607406e-23
1740.79213413 4.08250053152e-23
1744.80641408 4.0939464083e-23
1748.82995099 4.10541376884e-23
1752.8627662 4.11690267811e-23
1756.90488112 4.12841320169e-23
1760.95631719 4.13994540567e-23
1765.01709589 4.15149935675e-23
1769.08723879 4.16307512217e-23
1773.16676746 4.17467276976e-23
1777.25570356 4.18629236788e-23
1781.35406878 4.1979339855e-23
1785.46188486 4.20959769212e-23
1789.57917359 4.22128355785e-23
1793.70595683 4.23299165332e-23
1797.84225645 4.24472204976e-23
1801.98809442 4.25647481897e-23
1806.14349272 4.26825003331e-23
1810.3084734 4.2800477657e-23
1814.48305855 4.29186808965e-23
1818.66727033 4.30371107922e-23
1822.86113094 4.31557680906e-23
1827.06466262 4.32746535438e-23
1831.27788768 4.33937679095e-23
1835.50082846 4.35131119513e-23
1839.73350738 4.36326864383e-23
1843.97594689 4.37524921454e-23
1848.2281695 4.38725298533e-23
1852.49019777 4.39928003481e-23
1856.7620543 4.4113304422e-23
1861.04376177 4.42340428724e-23
1865.33534289 4.43550165029e-23
1869.63682043 4.44762261225e-23
1873.94821721 4.45976725459e-23
1878.2695561 4.47193565935e-23
1882.60086003 4.48412790914e-23
1886.94215198 4.49634408714e-23
1891.29345499 4.5085842771e-23
1895.65479213 4.52084856332e-23
1900.02618655 4.53313703068e-23
1904.40766143 4.54544976463e-23
1908.79924004 4.55778685116e-23
1913.20094565 4.57014837687e-23
1917.61280164 4.58253442887e-23
1922.03483139 4.59494509487e-23
1926.46705838 4.60738046313e-23
1930.90950612 4.61984062248e-23
1935.36219818 4.6323256623e-23
1939.82515818 4.64483567254e-23
1944.2984098 4.65737074369e-23
1948.78197678 4.66993096683e-23
1953.27588289 4.68251643357e-23
1957.78015198 4.6951272361e-23
1962.29480796 4.70776346714e-23
1966.81987476 4.72042521999e-23
1971.3553764 4.73311258848e-23
1975.90133695 4.74582566702e-23
1980.45778051 4.75856455055e-23
1985.02473127 4.77132933457e-23
1989.60221345 4.78412011512e-23
1994.19025134 4.79693698881e-23
1998.78886928 4.80978005278e-23
2003.39809167 4.82264940471e-23
2008.01794296 4.83554514284e-23
2012.64844766 4.84846736594e-23
2017.28963034 4.86141617334e-23
2021.94151563 4.8743916649e-23
2026.60412819 4.88739394101e-23
2031.27749278 4.90042310261e-23
2035.96163418 4.91347925117e-23
2040.65657725 4.92656248871e-23
2045.36234689 4.93967291775e-23
2050.07896808 4.95281064138e-23
2054.80646582 4.96597576319e-23
2059.54486522 4.97916838733e-23
2064.29419139 4.99238861843e-23
2069.05446956 5.00563656169e-23
2073.82572495 5.01891232282e-23
2078.6079829 5.03221600803e-23
2083.40126878 5.04554772408e-23
2088.20560801 5.05890757823e-23
2093.02102608 5.07229567826e-23
2097.84754854 5.08571213246e-23
2102.68520099 5.09915704964e-23
2107.53400912 5.11263053913e-23
2112.39399863 5.12613271073e-23
2117.26519531 5.13966367478e-23
2122.14762501 5.15322354212e-23
2127.04131363 5.16681242409e-23
2131.94628714 5.18043043251e-23
2136.86257155 5.19407767973e-23
2141.79019294 5.20775427856e-23
2146.72917748 5.22146034234e-23
2151.67955134 5.23519598488e-23
2156.64134081 5.24896132047e-23
2161.6145722 5.2627564639e-23
2166.59927191 5.27658153046e-23
2171.59546636 5.29043663588e-23
2176.60318208 5.3043218964e-23
2181.62244563 5.31823742873e-23
2186.65328365 5.33218335005e-23
2191.69572281 5.34615977801e-23
2196.74978987 5.36016683074e-23
2201.81551165 5.37420462683e-23
2206.89291503 5.38827328532e-23
2211.98202693 5.40237292574e-23
2217.08287437 5.41650366806e-23
2222.1954844 5.4306656327e-23
2227.31988415 5.44485894054e-23
2232.4561008 5.45908371292e-23
2237.60416161 5.47334007162e-23
2242.76409388 5.48762813885e-23
2247.935925 5.50194803729e-23
2253.1196824 5.51629989003e-23
2258.31539359 5.53068382062e-23
2263.52308612 5.54509995303e-23
2268.74278763 5.55954841166e-23
2273.97452582 5.57402932134e-23
2279.21832843 5.58854280733e-23
2284.47422329 5.6030889953e-23
2289.74223829 5.61766801133e-23
2295.02240136 5.63227998194e-23
2300.31474054 5.64692503405e-23
2305.61928389 5.66160329498e-23
2310.93605955 5.67631489245e-23
2316.26509574 5.69105995462e-23
2321.60642073 5.70583860999e-23
2326.96006286 5.72065098751e-23
2332.32605053 5.73549721648e-23
2337.7044122 5.75037742663e-23
2343.09517642 5.76529174802e-23
2348.49837178 5.78024031115e-23
2353.91402695 5.79522324686e-23
2359.34217066 5.81024068637e-23
2364.78283171 5.82529276129e-23
2370.23603897 5.84037960358e-23
2375.70182137 5.85550134556e-23
2381.1802079 5.87065811993e-23
2386.67122763 5.88585005973e-23
2392.1749097 5.90107729836e-23
2397.6912833 5.91633996958e-23
2403.2203777 5.93163820747e-23
2408.76222223 5.94697214647e-23
2414.3168463 5.96234192136e-23
2419.88427938 5.97774766724e-23
2425.46455099 5.99318951956e-23
2431.05769076 6.00866761409e-23
2436.66372835 6.02418208692e-23
2442.28269351 6.03973307445e-23
2447.91461604 6.05532071342e-23
2453.55952583 6.07094514085e-23
2459.21745282 6.0866064941e-23
2464.88842703 6.10230491081e-23
2470.57247856 6.11804052893e-23
2476.26963755 6.1338134867e-23
2481.97993424 6.14962392266e-23
2487.70339891 6.16547197562e-23
2493.44006193 6.1813577847e-23
2499.18995375 6.19728148927e-23
2504.95310486 6.21324322901e-23
2510.72954583 6.22924314382e-23
2516.51930733 6.24528137392e-23
2522.32242006 6.26135805976e-23
2528.13891481 6.27747334206e-23
2533.96882244 6.29362736179e-23
2539.81217389 6.30982026017e-23
2545.66900015 6.32605217866e-23
2551.53933229 6.34232325898e-23
2557.42320147 6.35863364307e-23
2563.32063889 6.3749834731e-23
2569.23167585 6.39137289147e-23
2575.1563437 6.40780204082e-23
2581.09467388 6.42427106399e-23
2587.0466979 6.44078010404e-23
2593.01244733 6.45732930425e-23
2598.99195383 6.47391880808e-23
2604.98524911 6.49054875922e-23
2610.99236497 6.50721930155e-23
2617.0133333 6.52393057912e-23
2623.04818602 6.54068273619e-23
2629.09695515 6.55747591721e-23
2635.1596728 6.57431026678e-23
2641.23637112 6.59118592969e-23
2647.32708235 6.60810305091e-23
2653.43183881 6.62506177555e-23
2659.55067288 6.64206224889e-23
2665.68361703 6.65910461638e-23
2671.83070379 6.6761890236e-23
2677.99196579 6.69331561627e-23
2684.1674357 6.71048454029e-23
2690.3571463 6.72769594164e-23
2696.56113041 6.74494996648e-23
2702.77942096 6.76224676107e-23
2709.01205093 6.7795864718e-23
2715.2590534 6.79696924518e-23
2721.5204615 6.81439522781e-23
2727.79630845 6.83186456643e-23
2734.08662756 6.84937740786e-23
2740.39145219 6.86693389902e-23
2746.7108158 6.88453418694e-23
2753.0447519 6.9021784187e-23
2759.39329411 6.9198667415e-23
2765.75647611 6.93759930259e-23
2772.13433165 6.95537624933e-23
2778.52689458 6.97319772909e-23
2784.9341988 6.99106388936e-23
2791.35627832 7.00897487766e-23
2797.79316721 7.02693084155e-23
2804.2448996 7.04493192866e-23
2810.71150974 7.06297828666e-23
2817.19303194 7.08107006325e-23
2823.68950057 7.09920740616e-23
2830.20095011 7.11739046315e-23
2836.7274151 7.13561938201e-23
2843.26893017 7.15389431054e-23
2849.82553003 7.17221539655e-23
2856.39724945 7.19058278786e-23
2862.98412331 7.20899663229e-23
2869.58618655 7.22745707765e-23
2876.2034742 7.24596427176e-23
2882.83602136 7.26451836241e-23
2889.48386323 7.28311949737e-23
2896.14703507 7.30176782439e-23
2902.82557224 7.3204634912e-23
2909.51951017 7.33920664548e-23
2916.22888436 7.35799743488e-23
2922.95373043 7.376836007e-23
2929.69408404 7.39572250939e-23
2936.44998096 7.41465708955e-23
2943.22145703 7.43363989491e-23
2950.00854817 7.45267107283e-23
2956.8112904 7.47175077061e-23
2963.6297198 7.49087913548e-23
2970.46387255 7.51005631458e-23
2977.31378492 7.52928245494e-23
2984.17949323 7.54855770353e-23
2991.06103392 7.56788220722e-23
2997.95844349 7.58725611275e-23
3004.87175854 7.60667956677e-23
3011.80101575 7.62615271583e-23
3018.74625188 7.64567570633e-23
3025.70750378 7.66524868456e-23
3032.68480838 7.68487179669e-23
3039.67820269 7.70454518875e-23
3046.68772383 7.72426900661e-23
3053.71340897 7.74404339602e-23
3060.7552954 7.76386850256e-23
3067.81342047 7.78374447167e-23
3074.88782163 7.80367144861e-23
3081.97853642 7.8236495785e-23
3089.08560245 7.84367900625e-23
3096.20905742 7.86375987662e-23
3103.34893914 7.88389233418e-23
3110.50528548 7.90407652332e-23
3117.67813441 7.9243125882e-23
3124.86752398 7.94460067283e-23
3132.07349234 7.96494092098e-23
3139.29607772 7.98533347622e-23
3146.53531844 8.00577848192e-23
3153.7912529 8.0262760812e-23
3161.0639196 8.04682641697e-23
3168.35335712 8.06742963191e-23
3175.65960415 8.08808586845e-23
3182.98269943 8.10879526881e-23
3190.32268183 8.12955797492e-23
3197.67959028 8.15037412848e-23
3205.05346383 8.17124387093e-23
3212.44434158 8.19216734344e-23
3219.85226275 8.21314468692e-23
3227.27726664 8.23417604199e-23
3234.71939265 8.25526154901e-23
3242.17868026 8.27640134804e-23
3249.65516904 8.29759557885e-23
3257.14889866 8.31884438093e-23
3264.65990888 8.34014789344e-23
3272.18823955 8.36150625525e-23
3279.7339306 8.38291960493e-23
3287.29702208 8.40438808071e-23
3294.8775541 8.4259118205e-23
3302.47556689 8.4474909619e-23
3310.09110075 8.46912564217e-23
3317.7241961 8.4908159982e-23
3325.37489341 8.51256216659e-23
3333.0432333 8.53436428354e-23
3340.72925643 8.55622248493e-23
3348.4330036 8.57813690627e-23
3356.15451566 8.60010768269e-23
3363.89383359 8.62213494897e-23
3371.65099844 8.64421883949e-23
3379.42605138 8.66635948829e-23
3387.21903365 8.68855702898e-23
3395.02998659 8.71081159479e-23
3402.85895165 8.73312331857e-23
3410.70597037 8.75549233276e-23
3418.57108437 8.77791876937e-23
3426.45433538 8.80040276003e-23
3434.35576523 8.82294443593e-23
3442.27541584 8.84554392785e-23
3450.21332922 8.86820136613e-23
3458.16954749 8.89091688069e-23
3466.14411286 8.913690601e-23
3474.13706764 8.93652265608e-23
3482.14845423 8.95941317452e-23
3490.17831515 8.98236228444e-23
3498.22669298 9.00537011351e-23
3506.29363043 9.02843678893e-23
3514.37917031 9.05156243742e-23
3522.4833555 9.07474718525e-23
3530.606229 9.09799115819e-23
3538.74783391 9.12129448154e-23
3546.90821342 9.14465728008e-23
3555.08741084 9.16807967813e-23
3563.28546954 9.19156179949e-23
3571.50243303 9.21510376746e-23
3579.7383449 9.23870570482e-23
3587.99324884 9.26236773386e-23
3596.26718866 9.28608997632e-23
3604.56020825 9.30987255342e-23
3612.8723516 9.33371558586e-23
3621.20366282 9.35761919381e-23
3629.5541861 9.38158349687e-23
3637.92396576 9.40560861413e-23
3646.31304619 9.4296946641e-23
3654.7214719 9.45384176476e-23
3663.14928751 9.4780500335e-23
3671.59653773 9.50231958718e-23
3680.06326736 9.52665054205e-23
3688.54952135 9.55104301382e-23
3697.0553447 9.5754971176e-23
3705.58078254 9.60001296792e-23
3714.12588011 9.62459067872e-23
3722.69068273 9.64923036335e-23
3731.27523586 9.67393213456e-23
3739.87958503 9.69869610448e-23
3748.5037759 9.72352238466e-23
3757.14785422 9.748411086e-23
3765.81186585 9.77336231882e-23
3774.49585675 9.79837619279e-23
3783.199873 9.82345281695e-23
3791.92396079 9.84859229974e-23
3800.66816638 9.87379474892e-23
3809.43253618 9.89906027164e-23
3818.21711668 9.92438897439e-23
3827.0219545 9.949780963e-23
3835.84709633 9.97523634267e-23
3844.69258902 1.00007552179e-22
3853.55847947 1.00263376926e-22
3862.44481474 1.00519838699e-22
3871.35164196 1.00776938523e-22
3880.27900839 1.01034677417e-22
3889.2269614 1.01293056393e-22
3898.19554846 1.01552076454e-22
3907.18481715 1.01811738599e-22
3916.19481516 1.02072043818e-22
3925.22559029 1.02332993096e-22
3934.27719046 1.02594587408e-22
3943.34966369 1.02856827725e-22
3952.44305811 1.03119715009e-22
3961.55742197 1.03383250215e-22
3970.69280362 1.03647434291e-22
3979.84925153 1.03912268178e-22
3989.02681428 1.04177752809e-22
3998.22554056 1.04443889111e-22
4007.44547917 1.04710678002e-22
4016.68667904 1.04978120393e-22
4025.94918917 1.05246217188e-22
4035.23305873 1.05514969284e-22
4044.53833696 1.05784377569e-22
4053.86507324 1.06054442924e-22
4063.21331704 1.06325166222e-22
4072.58311796 1.06596548329e-22
4081.97452571 1.06868590103e-22
4091.38759012 1.07141292394e-22
4100.82236113 1.07414656045e-22
4110.2788888 1.0768868189e-22
4119.75722329 1.07963370755e-22
4129.25741489 1.08238723459e-22
4138.779514 1.08514740814e-22
4148.32357115 1.08791423621e-22
4157.88963697 1.09068772675e-22
4167.47776221 1.09346788762e-22
4177.08799773 1.09625472662e-22
4186.72039454 1.09904825144e-22
4196.37500372 1.1018484697e-22
4206.05187651 1.10465538894e-22
4215.75106424 1.10746901661e-22
4225.47261837 1.11028936008e-22
4235.21659048 1.11311642665e-22
4244.98303226 1.1159502235e-22
4254.77199553 1.11879075778e-22
4264.58353223 1.1216380365e-22
4274.4176944 1.12449206661e-22
4284.27453423 1.12735285499e-22
4294.15410401 1.1302204084e-22
4304.05645614 1.13309473355e-22
4313.98164318 1.13597583702e-22
4323.92971778 1.13886372535e-22
4333.90073271 1.14175840496e-22
4343.89474088 1.1446598822e-22
4353.9117953 1.14756816331e-22
4363.95194913 1.15048325447e-22
4374.01525564 1.15340516176e-22
4384.1017682 1.15633389116e-22
4394.21154034 1.15926944857e-22
4404.34462569 1.16221183981e-22
4414.50107801 1.16516107059e-22
4424.68095119 1.16811714654e-22
4434.88429924 1.17108007321e-22
4445.11117628 1.17404985603e-22
4455.36163658 1.17702650037e-22
4465.63573452 1.18001001148e-22
4475.9335246 1.18300039455e-22
4486.25506147 1.18599765466e-22
4496.60039989 1.18900179678e-22
4506.96959473 1.19201282582e-22
4517.36270101 1.19503074658e-22
4527.77977388 1.19805556376e-22
4538.2208686 1.20108728198e-22
4548.68604056 1.20412590577e-22
4559.17534528 1.20717143953e-22
4569.68883843 1.21022388762e-22
4580.22657577 1.21328325426e-22
4590.78861321 1.21634954358e-22
4601.37500679 1.21942275965e-22
4611.98581267 1.2225029064e-22
4622.62108716 1.22558998769e-22
4633.28088667 1.22868400728e-22
4643.96526776 1.23178496882e-22
4654.67428711 1.23489287587e-22
4665.40800154 1.23800773191e-22
4676.166468 1.2411295403e-22
4686.94974357 1.2442583043e-22
4697.75788545 1.2473940271e-22
4708.59095099 1.25053671176e-22
4719.44899766 1.25368636125e-22
4730.33208307 1.25684297846e-22
4741.24026495 1.26000656615e-22
4752.17360119 1.26317712701e-22
4763.13214979 1.26635466362e-22
4774.11596888 1.26953917844e-22
4785.12511674 1.27273067386e-22
4796.15965178 1.27592915215e-22
4807.21963255 1.27913461549e-22
4818.30511771 1.28234706595e-22
4829.41616609 1.28556650551e-22
4840.55283662 1.28879293604e-22
4851.71518841 1.2920263593e-22
4862.90328067 1.29526677698e-22
4874.11717275 1.29851419063e-22
4885.35692415 1.30176860172e-22
4896.6225945 1.30503001162e-22
4907.91424358 1.30829842157e-22
4919.23193128 1.31157383274e-22
4930.57571766 1.31485624618e-22
4941.9456629 1.31814566283e-22
4953.34182732 1.32144208356e-22
4964.76427138 1.32474550909e-22
4976.21305568 1.32805594006e-22
4987.68824097 1.33137337701e-22
4999.18988812 1.33469782038e-22
5010.71805816 1.33802927047e-22
5022.27281224 1.34136772752e-22
5033.85421168 1.34471319164e-22
5045.46231791 1.34806566283e-22
5057.09719253 1.35142514101e-22
5068.75889725 1.35479162597e-22
5080.44749395 1.3581651174e-22
5092.16304465 1.36154561489e-22
5103.9056115 1.36493311793e-22
5115.67525679 1.36832762588e-22
5127.47204298 1.37172913802e-22
5139.29603265 1.37513765351e-22
5151.14728852 1.3785531714e-22
5163.02587349 1.38197569064e-22
5174.93185056 1.38540521007e-22
5186.8652829 1.38884172842e-22
5198.82623383 1.39228524433e-22
5210.81476681 1.3957357563e-22
5222.83094543 1.39919326276e-22
5234.87483345 1.402657762e-22
5246.94649477 1.40612925222e-22
5259.04599344 1.4096077315e-22
5271.17339364 1.41309319783e-22
5283.32875971 1.41658564907e-22
5295.51215616 1.42008508299e-22
5307.72364761 1.42359149723e-22
5319.96329885 1.42710488935e-22
5332.23117482 1.43062525677e-22
5344.52734061 1.43415259683e-22
5356.85186145 1.43768690674e-22
5369.20480273 1.4412281836e-22
5381.58622998 1.44477642441e-22
5393.9962089 1.44833162607e-22
5406.43480533 1.45189378535e-22
5418.90208525 1.45546289892e-22
5431.39811482 1.45903896334e-22
5443.92296033 1.46262197505e-22
5456.47668823 1.4662119304e-22
5469.05936512 1.46980882562e-22
5481.67105775 1.47341265681e-22
5494.31183305 1.47702342e-22
5506.98175807 1.48064111107e-22
5519.68090004 1.48426572581e-22
5532.40932632 1.4878972599e-22
5545.16710446 1.49153570891e-22
5557.95430212 1.49518106829e-22
5570.77098716 1.49883333337e-22
5583.61722758 1.5024924994e-22
5596.49309152 1.50615856149e-22
5609.3986473 1.50983151466e-22
5622.3339634 1.5135113538e-22
5635.29910843 1.51719807369e-22
5648.29415118 1.52089166903e-22
5661.31916061 1.52459213436e-22
5674.3742058 1.52829946414e-22
5687.45935603 1.53201365272e-22
5700.57468071 1.53573469432e-22
5713.72024944 1.53946258306e-22
5726.89613194 1.54319731295e-22
5740.10239813 1.54693887788e-22
5753.33911807 1.55068727163e-22
5766.60636199 1.55444248788e-22
5779.90420027 1.55820452018e-22
5793.23270347 1.56197336198e-22
5806.5919423 1.56574900661e-22
5819.98198764 1.5695314473e-22
5833.40291053 1.57332067716e-22
5846.85478216 1.57711668918e-22
5860.33767391 1.58091947625e-22
5873.85165732 1.58472903114e-22
5887.39680407 1.58854534653e-22
5900.97318604 1.59236841494e-22
5914.58087524 1.59619822883e-22
5928.21994388 1.60003478052e-22
5941.89046432 1.60387806222e-22
5955.59250908 1.60772806603e-22
5969.32615086 1.61158478394e-22
5983.09146253 1.61544820782e-22
5996.88851711 1.61931832944e-22
6010.7173878 1.62319514045e-22
6024.57814797 1.62707863238e-22
6038.47087116 1.63096879666e-22
6052.39563108 1.63486562462e-22
6066.3525016 1.63876910744e-22
6080.34155677 1.64267923621e-22
6094.36287081 1.64659600192e-22
6108.4165181 1.65051939543e-22
6122.50257321 1.65444940749e-22
6136.62111088 1.65838602874e-22
6150.772206 1.6623292497e-22
6164.95593365 1.6662790608e-22
6179.17236908 1.67023545233e-22
6193.42158773 1.67419841449e-22
6207.70366518 1.67816793736e-22
6222.01867721 1.68214401089e-22
6236.36669977 1.68612662495e-22
6250.74780898 1.69011576928e-22
6265.16208114 1.69411143351e-22
6279.60959271 1.69811360715e-22
6294.09042036 1.70212227961e-22
6308.60464091 1.70613744018e-22
6323.15233136 1.71015907806e-22
6337.7335689 1.7141871823e-22
6352.34843088 1.71822174186e-22
6366.99699485 1.7222627456e-22
6381.67933851 1.72631018225e-22
6396.39553977 1.73036404042e-22
6411.14567671 1.73442430863e-22
6425.92982757 1.73849097529e-22
6440.7480708 1.74256402867e-22
6455.60048501 1.74664345696e-22
6470.487149 1.75072924822e-22
6485.40814175 1.75482139041e-22
6500.36354243 1.75891987136e-22
6515.35343037 1.76302467881e-22
6530.37788511 1.76713580038e-22
6545.43698635 1.77125322358e-22
6560.530814 1.77537693581e-22
6575.65944813 1.77950692435e-22
6590.822969 1.78364317639e-22
6606.02145708 1.78778567897e-22
6621.25499298 1.79193441908e-22
6636.52365753 1.79608938353e-22
6651.82753173 1.80025055908e-22
6667.16669679 1.80441793234e-22
6682.54123408 1.80859148983e-22
6697.95122517 1.81277121794e-22
6713.39675182 1.81695710298e-22
6728.87789596 1.82114913112e-22
6744.39473975 1.82534728844e-22
6759.9473655 1.8295515609e-22
6775.53585572 1.83376193436e-22
6791.16029311 1.83797839454e-22
6806.82076058 1.8422009271e-22
6822.51734121 1.84642951755e-22
6838.25011827 1.85066415131e-22
6854.01917523 1.85490481369e-22
6869.82459576 1.85915148988e-22
6885.66646372 1.86340416496e-22
6901.54486314 1.86766282392e-22
6917.45987827 1.87192745163e-22
6933.41159354 1.87619803284e-22
6949.40009359 1.88047455221e-22
6965.42546325 1.88475699429e-22
6981.48778753 1.88904534351e-22
6997.58715166 1.89333958419e-22
7013.72364104 1.89763970056e-22
7029.89734128 1.90194567672e-22
7046.10833821 1.90625749669e-22
7062.35671782 1.91057514435e-22
7078.64256631 1.9148986035e-22
7094.96597009 1.91922785782e-22
7111.32701577 1.92356289087e-22
7127.72579015 1.92790368613e-22
7144.16238022 1.93225022695e-22
7160.6368732 1.93660249659e-22
7177.14935648 1.94096047819e-22
7193.69991768 1.9453241548e-22
7210.28864459 1.94969350934e-22
7226.91562524 1.95406852465e-22
7243.58094783 1.95844918343e-22
7260.28470078 1.96283546831e-22
7277.02697271 1.9672273618e-22
7293.80785245 1.97162484629e-22
7310.62742903 1.97602790409e-22
7327.48579168 1.98043651739e-22
7344.38302984 1.98485066827e-22
7361.31923316 1.98927033871e-22
7378.2944915 1.99369551059e-22
7395.30889491 1.99812616569e-22
7412.36253367 2.00256228567e-22
7429.45549824 2.00700385209e-22
7446.58787933 2.01145084642e-22
7463.75976781 2.01590325e-22
7480.9712548 2.02036104409e-22
7498.22243162 2.02482420984e-22
7515.51338977 2.02929272828e-22
7532.84422101 2.03376658036e-22
7550.21501728 2.03824574692e-22
7567.62587073 2.04273020869e-22
7585.07687375 2.0472199463e-22
7602.56811891 2.05171494027e-22
7620.09969902 2.05621517104e-22
7637.67170709 2.06072061893e-22
7655.28423634 2.06523126416e-22
7672.93738022 2.06974708685e-22
7690.63123238 2.07426806701e-22
7708.3658867 2.07879418457e-22
7726.14143727 2.08332541934e-22
7743.95797839 2.08786175102e-22
7761.81560459 2.09240315925e-22
7779.71441062 2.09694962351e-22
7797.65449143 2.10150112324e-22
7815.6359422 2.10605763774e-22
7833.65885833 2.11061914621e-22
7851.72333545 2.11518562778e-22
7869.82946939 2.11975706145e-22
7887.97735621 2.12433342613e-22
7906.1670922 2.12891470064e-22
7924.39877386 2.13350086368e-22
7942.67249791 2.13809189388e-22
7960.98836132 2.14268776974e-22
7979.34646124 2.14728846969e-22
7997.74689508 2.15189397204e-22
8016.18976046 2.15650425502e-22
8034.67515523 2.16111929674e-22
8053.20317746 2.16573907523e-22
8071.77392546 2.17036356841e-22
8090.38749774 2.17499275412e-22
8109.04399305 2.1796266101e-22
8127.74351039 2.18426511397e-22
8146.48614896 2.18890824327e-22
8165.2720082 2.19355597545e-22
8184.10118777 2.19820828786e-22
8202.97378758 2.20286515774e-22
8221.88990774 2.20752656226e-22
8240.84964862 2.21219247846e-22
8259.85311081 2.21686288333e-22
8278.90039512 2.22153775371e-22
8297.99160262 2.2262170664e-22
8317.12683459 2.23090079807e-22
8336.30619255 2.23558892531e-22
8355.52977826 2.2402814246e-22
8374.7976937 2.24497827235e-22
8394.1100411 2.24967944487e-22
8413.46692292 2.25438491835e-22
8432.86844186 2.25909466892e-22
8452.31470085 2.26380867261e-22
8471.80580306 2.26852690535e-22
8491.3418519 2.27324934297e-22
8510.92295102 2.27797596123e-22
8530.54920431 2.28270673578e-22
8550.22071588 2.28744164219e-22
8569.93759011 2.29218065592e-22
8589.6999316 2.29692375236e-22
8609.50784521 2.30167090681e-22
8629.36143601 2.30642209445e-22
8649.26080934 2.31117729041e-22
8669.20607078 2.31593646969e-22
8689.19732615 2.32069960724e-22
8709.2346815 2.32546667788e-22
8729.31824315 2.33023765638e-22
8749.44811765 2.33501251738e-22
8769.62441179 2.33979123547e-22
8789.84723261 2.34457378513e-22
8810.11668742 2.34936014075e-22
8830.43288374 2.35415027664e-22
8850.79592937 2.35894416703e-22
8871.20593234 2.36374178603e-22
8891.66300092 2.36854310771e-22
8912.16724367 2.373348106e-22
8932.71876935 2.3781567548e-22
8953.31768701 2.38296902787e-22
8973.96410594 2.38778489893e-22
8994.65813566 2.39260434157e-22
9015.39988597 2.39742732934e-22
9036.18946692 2.40225383566e-22
9057.02698879 2.4070838339e-22
9077.91256216 2.41191729732e-22
9098.84629781 2.41675419912e-22
9119.82830682 2.42159451239e-22
9140.8587005 2.42643821016e-22
9161.93759043 2.43128526535e-22
9183.06508844 2.43613565082e-22
9204.24130663 2.44098933934e-22
9225.46635733 2.44584630359e-22
9246.74035316 2.45070651618e-22
9268.06340699 2.45556994961e-22
9289.43563195 2.46043657634e-22
9310.85714142 2.46530636872e-22
9332.32804905 2.47017929902e-22
9353.84846876 2.47505533944e-22
9375.41851472 2.47993446209e-22
9397.03830137 2.48481663899e-22
9418.70794342 2.48970184211e-22
9440.42755582 2.49459004331e-22
9462.19725382 2.49948121438e-22
9484.0171529 2.50437532705e-22
9505.88736884 2.50927235293e-22
9527.80801767 2.51417226359e-22
9549.77921568 2.5190750305e-22
9571.80107944 2.52398062506e-22
9593.87372578 2.52888901858e-22
9615.99727182 2.53380018232e-22
9638.17183492 2.53871408742e-22
9660.39753274 2.54363070499e-22
9682.67448318 2.54855000604e-22
9705.00280444 2.55347196148e-22
9727.38261498 2.5583965422e-22
9749.81403353 2.56332371895e-22
9772.29717911 2.56825346246e-22
9794.83217099 2.57318574336e-22
9817.41912873 2.5781205322e-22
9840.05817217 2.58305779945e-22
9862.74942142 2.58799751554e-22
9885.49299687 2.59293965079e-22
9908.28901917 2.59788417547e-22
9931.13760927 2.60283105975e-22
9954.03888839 2.60778027376e-22
9976.99297804 2.61273178753e-22
10000.0 2.61768557103e-22
