10.0 9.72971388847e-23
10.0230600763 9.67846201761e-23
10.0461733294 9.62748636357e-23
10.0693398817 9.57678541579e-23
10.0925598564 9.52635767213e-23
10.1158333764 9.47620163885e-23
10.1391605654 9.4263158305e-23
10.162541547 9.37669876998e-23
10.1859764454 9.32734898837e-23
10.2094653848 9.27826502499e-23
10.2330084899 9.22944542727e-23
10.2566058856 9.18088875079e-23
10.2802576971 9.13259355913e-23
10.3039640498 9.08455842392e-23
10.3277250695 9.03678192475e-23
10.3515408824 8.98926264912e-23
10.3754116146 8.94199919241e-23
10.399337393 8.89499015784e-23
10.4233183444 8.84823415642e-23
10.4473545961 8.80172980688e-23
10.4714462755 8.75547573569e-23
10.4955935105 8.70947057694e-23
10.5197964293 8.66371297236e-23
10.5440551601 8.61820157124e-23
10.5683698318 8.5729350304e-23
10.5927405733 8.52791201415e-23
10.6171675139 8.48313119425e-23
10.6416507832 8.43859124984e-23
10.6661905112 8.39429086746e-23
10.6907868279 8.35022874092e-23
10.7154398639 8.30640357135e-23
10.74014975 8.26281406711e-23
10.7649166173 8.21945894374e-23
10.7897405972 8.17633692394e-23
10.8146218214 8.13344673755e-23
10.8395604218 8.09078712146e-23
10.8645565309 8.04835681961e-23
10.8896102812 8.00615458292e-23
10.9147218056 7.9641791693e-23
10.9398912374 7.92242934354e-23
10.9651187101 7.88090387735e-23
10.9904043575 7.83960154924e-23
11.0157483139 7.79852114454e-23
11.0411507136 7.75766145537e-23
11.0666116914 7.71702128053e-23
11.0921313824 7.67659942555e-23
11.117709922 7.63639470257e-23
11.143347446 7.59640593039e-23
11.1690440902 7.55663193434e-23
11.1947999911 7.51707154633e-23
11.2206152854 7.47772360475e-23
11.2464901098 7.43858695446e-23
11.2724246019 7.39966044674e-23
11.298418899 7.36094293929e-23
11.3244731393 7.32243329615e-23
11.3505874608 7.28413038768e-23
11.3767620021 7.24603309054e-23
11.4029969021 7.20814028763e-23
11.4292923 7.17045086806e-23
11.4556483352 7.13296372714e-23
11.4820651477 7.09567776632e-23
11.5085428776 7.05859189316e-23
11.5350816653 7.02170502129e-23
11.5616816517 6.9850160704e-23
11.5883429778 6.94852396618e-23
11.6150657852 6.9122276403e-23
11.6418502155 6.87612603036e-23
11.668696411 6.84021807989e-23
11.695604514 6.80450273829e-23
11.7225746672 6.76897896079e-23
11.7496070139 6.73364570845e-23
11.7767016973 6.69850194809e-23
11.8038588613 6.66354665228e-23
11.83107865 6.62877879932e-23
11.8583612076 6.59419737316e-23
11.8857066791 6.55980136343e-23
11.9131152094 6.52558976536e-23
11.940586944 6.49156157977e-23
11.9681220286 6.45771581303e-23
11.9957206094 6.42405147705e-23
12.0233828327 6.39056758922e-23
12.0511088452 6.35726317238e-23
12.0788987942 6.32413725483e-23
12.106752827 6.29118887025e-23
12.1346710914 6.2584170577e-23
12.1626537356 6.22582086156e-23
12.1907009079 6.19339933155e-23
12.2188127573 6.16115152266e-23
12.2469894328 6.12907649513e-23
12.2752310839 6.09717331441e-23
12.3035378604 6.06544105115e-23
12.3319099126 6.03387878118e-23
12.360347391 6.00248558545e-23
12.3888504464 5.97126055e-23
12.4174192301 5.94020276598e-23
12.4460538937 5.90931132956e-23
12.4747545889 5.87858534195e-23
12.5035214682 5.84802390935e-23
12.5323546842 5.8176261429e-23
12.5612543897 5.78739115871e-23
12.5902207382 5.75731807778e-23
12.6192538833 5.72740602599e-23
12.6483539791 5.69765413408e-23
12.6775211799 5.66806153763e-23
12.7067556405 5.63862737699e-23
12.736057516 5.6093507973e-23
12.7654269618 5.58023094845e-23
12.7948641338 5.55126698505e-23
12.8243691882 5.52245806638e-23
12.8539422814 5.49380335642e-23
12.8835835704 5.46530202377e-23
12.9132932125 5.43695324165e-23
12.9430713652 5.40875618786e-23
12.9729181865 5.38071004479e-23
13.0028338349 5.35281399934e-23
13.032818469 5.32506724293e-23
13.0628722478 5.29746897148e-23
13.0929953309 5.27001838535e-23
13.1231878781 5.24271468935e-23
13.1534500495 5.21555709271e-23
13.1837820057 5.18854480904e-23
13.2141839076 5.1616770563e-23
13.2446559166 5.1349530568e-23
13.2751981942 5.10837203718e-23
13.3058109026 5.08193322834e-23
13.3364942041 5.05563586546e-23
13.3672482615 5.02947918798e-23
13.398073238 5.00346243953e-23
13.4289692971 4.97758486795e-23
13.4599366028 4.95184572524e-23
13.4909753194 4.92624426758e-23
13.5220856114 4.90077975523e-23
13.5532676441 4.87545145258e-23
13.5845215827 4.8502586281e-23
13.6158475931 4.82520055431e-23
13.6472458416 4.80027650775e-23
13.6787164947 4.775485769e-23
13.7102597193 4.75082762261e-23
13.7418756829 4.72630135709e-23
13.7735645531 4.70190626492e-23
13.8053264981 4.67764164247e-23
13.8371616863 4.65350679004e-23
13.8690702868 4.62950101179e-23
13.9010524687 4.60562361573e-23
13.9331084018 4.58187391374e-23
13.9652382562 4.55825122147e-23
13.9974422022 4.5347548584e-23
14.0297204107 4.51138414775e-23
14.0620730531 4.48813841652e-23
14.0945003008 4.46501699542e-23
14.1270023261 4.44201921886e-23
14.1595793013 4.41914442497e-23
14.1922313992 4.39639195552e-23
14.2249587932 4.37376115593e-23
14.2577616567 4.35125137526e-23
14.2906401639 4.32886196616e-23
14.3235944892 4.30659228488e-23
14.3566248074 4.28444169123e-23
14.3897312938 4.26240954855e-23
14.422914124 4.24049522375e-23
14.4561734741 4.21869808719e-23
14.4895095204 4.19701751277e-23
14.52292244 4.17545287781e-23
14.55641241 4.15400356312e-23
14.5899796081 4.13266895291e-23
14.6236242124 4.11144843482e-23
14.6573464015 4.09034139986e-23
14.6911463541 4.06934724242e-23
14.7250242497 4.04846536026e-23
14.7589802681 4.02769515445e-23
14.7930145892 4.00703602939e-23
14.8271273937 3.98648739278e-23
14.8613188627 3.96604865557e-23
14.8955891774 3.94571923202e-23
14.9299385197 3.92549853958e-23
14.9643670719 3.90538599897e-23
14.9988750166 3.88538103408e-23
15.0334625369 3.86548307201e-23
15.0681298162 3.84569154303e-23
15.1028770386 3.82600588055e-23
15.1377043883 3.80642552112e-23
15.1726120502 3.78694990442e-23
15.2076002094 3.76757847322e-23
15.2426690515 3.74831067337e-23
15.2778187627 3.72914595378e-23
15.3130495294 3.71008376644e-23
15.3483615384 3.69112356634e-23
15.3837549773 3.6722648115e-23
15.4192300337 3.65350696292e-23
15.4547868958 3.63484948461e-23
15.4904257524 3.61629184353e-23
15.5261467924 3.59783350958e-23
15.5619502054 3.57947395561e-23
15.5978361813 3.56121265736e-23
15.6338049106 3.5430490935e-23
15.6698565841 3.52498274556e-23
15.7059913929 3.50701309795e-23
15.742209529 3.48913963793e-23
15.7785111843 3.47136185557e-23
15.8148965515 3.4536792438e-23
15.8513658237 3.43609129833e-23
15.8879191942 3.41859751765e-23
15.9245568572 3.40119740305e-23
15.9612790068 3.38389045855e-23
15.998085838 3.36667619092e-23
16.0349775461 3.34955410967e-23
16.0719543267 3.33252372699e-23
16.109016376 3.31558455781e-23
16.1461638908 3.2987361197e-23
16.1833970679 3.28197793291e-23
16.2207161051 3.26530952035e-23
16.2581212002 3.24873040756e-23
16.2956125518 3.23224012269e-23
16.3331903587 3.21583819652e-23
16.3708548203 3.19952416241e-23
16.4086061365 3.18329755629e-23
16.4464445075 3.16715791666e-23
16.4843701341 3.15110478457e-23
16.5223832174 3.13513770362e-23
16.5604839592 3.1192562199e-23
16.5986725616 3.10345988203e-23
16.6369492272 3.08774824112e-23
16.6753141591 3.07212085075e-23
16.7137675608 3.05657726696e-23
16.7523096364 3.04111704827e-23
16.7909405903 3.02573975561e-23
16.8296606274 3.01044495234e-23
16.8684699533 2.99523220424e-23
16.9073687738 2.98010107947e-23
16.9463572952 2.96505114859e-23
16.9854357245 2.95008198453e-23
17.0246042689 2.93519316256e-23
17.0638631363 2.92038426032e-23
17.1032125349 2.90565485775e-23
17.1426526735 2.89100453713e-23
17.1821837615 2.87643288304e-23
17.2218060083 2.86193948236e-23
17.2615196244 2.84752392422e-23
17.3013248204 2.83318580005e-23
17.3412218075 2.81892470352e-23
17.3812107974 2.80474023054e-23
17.4212920021 2.79063197925e-23
17.4614656345 2.77659955001e-23
17.5017319075 2.76264254537e-23
17.5420910348 2.74876057009e-23
17.5825432307 2.73495323109e-23
17.6230887095 2.72122013749e-23
17.6637276866 2.70756090052e-23
17.7044603775 2.69397513359e-23
17.7452869982 2.68046245223e-23
17.7862077655 2.66702247407e-23
17.8272228964 2.65365481887e-23
17.8683326084 2.64035910849e-23
17.9095371198 2.62713496685e-23
17.9508366491 2.61398201995e-23
17.9922314154 2.60089989587e-23
18.0337216384 2.5878882247e-23
18.0753075381 2.57494663861e-23
18.1169893353 2.56207477177e-23
18.1587672509 2.54927226038e-23
18.2006415068 2.53653874261e-23
18.242612325 2.52387385867e-23
18.2846799283 2.51127725071e-23
18.3268445398 2.49874856288e-23
18.3691063832 2.48628744127e-23
18.4114656827 2.47389353392e-23
18.4539226631 2.46156649082e-23
18.4964775496 2.44930596386e-23
18.539130568 2.43711160687e-23
18.5818819446 2.42498307557e-23
18.6247319062 2.41292002759e-23
18.6676806801 2.40092212242e-23
18.7107284942 2.38898902144e-23
18.7538755769 2.37712038789e-23
18.7971221571 2.36531588684e-23
18.8404684643 2.35357518524e-23
18.8839147284 2.34189795184e-23
18.9274611799 2.33028385721e-23
18.9711080498 2.31873257376e-23
19.0148555698 2.30724377566e-23
19.0587039718 2.2958171389e-23
19.1026534887 2.28445234123e-23
19.1467043534 2.27314906218e-23
19.1908567998 2.26190698305e-23
19.235111062 2.25072578687e-23
19.279467375 2.23960515841e-23
19.3239259739 2.22854478418e-23
19.3684870947 2.21754435242e-23
19.4131509737 2.20660355306e-23
19.457917848 2.19572207773e-23
19.5027879551 2.18489961977e-23
19.547761533 2.17413587419e-23
19.5928388203 2.16343053768e-23
19.6380200561 2.15278330858e-23
19.6833054803 2.14219388689e-23
19.7286953329 2.13166197425e-23
19.774189855 2.12118727395e-23
19.8197892877 2.11076949088e-23
19.8654938731 2.10040833157e-23
19.9113038536 2.09010350414e-23
19.9572194722 2.07985471832e-23
20.0032409726 2.06966168542e-23
20.049368599 2.05952411834e-23
20.095602596 2.04944173153e-23
20.141943209 2.03941424102e-23
20.1883906837 2.02944136439e-23
20.2349452667 2.01952282077e-23
20.281607205 2.0096583308e-23
20.328376746 1.99984761667e-23
20.3752541379 1.99009040209e-23
20.4222396295 1.98038641226e-23
20.4693334699 1.9707353739e-23
20.5165359091 1.96113701521e-23
20.5638471975 1.95159106586e-23
20.6112675861 1.94209725704e-23
20.6587973265 1.93265532135e-23
20.7064366708 1.92326499289e-23
20.7541858718 1.91392600719e-23
20.8020451828 1.90463810122e-23
20.8500148578 1.8954010134e-23
20.8980951512 1.88621448357e-23
20.9462863181 1.87707825296e-23
20.9945886142 1.86799206424e-23
21.0430022958 1.85895566146e-23
21.0915276197 1.84996879009e-23
21.1401648434 1.84103119695e-23
21.1889142249 1.83214263026e-23
21.2377760228 1.8233028396e-23
21.2867504964 1.8145115759e-23
21.3358379055 1.80576859146e-23
21.3850385106 1.79707363992e-23
21.4343525726 1.78842647625e-23
21.4837803532 1.77982685676e-23
21.5333221147 1.77127453906e-23
21.5829781198 1.76276928211e-23
21.6327486321 1.75431084614e-23
21.6826339156 1.7458989927e-23
21.7326342349 1.73753348462e-23
21.7827498553 1.72921408602e-23
21.8329810427 1.72094056229e-23
21.8833280636 1.7127126801e-23
21.9337911852 1.70453020736e-23
21.984370675 1.69639291326e-23
22.0350668016 1.68830056822e-23
22.0858798338 1.6802529439e-23
22.1368100413 1.67224981319e-23
22.1878576942 1.66429095022e-23
22.2390230634 1.65637613031e-23
22.2903064203 1.64850513001e-23
22.3417080371 1.64067772708e-23
22.3932281863 1.63289370045e-23
22.4448671414 1.62515283027e-23
22.4966251764 1.61745489784e-23
22.5485025657 1.60979968566e-23
22.6004995847 1.60218697738e-23
22.6526165093 1.59461655782e-23
22.7048536158 1.58708821296e-23
22.7572111816 1.57960172992e-23
22.8096894843 1.57215689695e-23
22.8622888023 1.56475350346e-23
22.9150094148 1.55739133996e-23
22.9678516014 1.55007019809e-23
23.0208156425 1.54278987061e-23
23.073901819 1.53555015137e-23
23.1271104127 1.52835083535e-23
23.1804417059 1.5211917186e-23
23.2338959814 1.51407259824e-23
23.2874735228 1.50699327252e-23
23.3411746145 1.49995354072e-23
23.3949995413 1.49295320321e-23
23.4489485888 1.48599206141e-23
23.5030220433 1.4790699178e-23
23.5572201915 1.47218657591e-23
23.611543321 1.4653418403e-23
23.6659917201 1.45853551658e-23
23.7205656777 1.45176741139e-23
23.7752654832 1.44503733237e-23
23.8300914268 1.4383450882e-23
23.8850437996 1.43169048856e-23
23.9401228929 1.42507334415e-23
23.995328999 1.41849346664e-23
24.0506624108 1.41195066871e-23
24.1061234219 1.40544476403e-23
24.1617123265 1.39897556724e-23
24.2174294195 1.39254289395e-23
24.2732749966 1.38614656076e-23
24.329249354 1.3797863852e-23
24.3853527887 1.37346218578e-23
24.4415855983 1.36717378195e-23
24.4979480813 1.36092099411e-23
24.5544405365 1.35470364358e-23
24.6110632638 1.34852155265e-23
24.6678165635 1.34237454449e-23
24.7247007368 1.33626244323e-23
24.7817160854 1.33018507389e-23
24.8388629119 1.32414226241e-23
24.8961415193 1.31813383563e-23
24.9535522117 1.31215962129e-23
25.0110952935 1.30621944802e-23
25.0687710702 1.30031314534e-23
25.1265798476 1.29444054365e-23
25.1845219325 1.28860147422e-23
25.2425976323 1.28279576919e-23
25.3008072551 1.27702326158e-23
25.3591511097 1.27128378525e-23
25.4176295057 1.26557717493e-23
25.4762427534 1.25990326617e-23
25.5349911636 1.25426189539e-23
25.5938750481 1.24865289984e-23
25.6528947193 1.2430761176e-23
25.7120504904 1.23753138757e-23
25.771342675 1.23201854948e-23
25.8307715879 1.22653744388e-23
25.8903375444 1.22108791211e-23
25.9500408604 1.21566979633e-23
26.0098818526 1.21028293951e-23
26.0698608387 1.2049271854e-23
26.1299781368 1.19960237854e-23
26.1902340658 1.19430836425e-23
26.2506289454 1.18904498865e-23
26.3111630961 1.18381209862e-23
26.3718368391 1.1786095418e-23
26.4326504961 1.17343716662e-23
26.4936043899 1.16829482224e-23
26.5546988438 1.1631823586e-23
26.615934182 1.15809962637e-23
26.6773107294 1.15304647698e-23
26.7388288116 1.14802276258e-23
26.8004887549 1.14302833608e-23
26.8622908865 1.13806305109e-23
26.9242355343 1.13312676198e-23
26.9863230269 1.1282193238e-23
27.0485536938 1.12334059236e-23
27.1109278651 1.11849042413e-23
27.1734458717 1.11366867633e-23
27.2361080452 1.10887520686e-23
27.2989147183 1.10410987432e-23
27.361866224 1.099372538e-23
27.4249628963 1.09466305787e-23
27.4882050701 1.0899812946e-23
27.5515930808 1.08532710952e-23
27.6151272647 1.08070036465e-23
27.6788079589 1.07610092267e-23
27.7426355013 1.07152864692e-23
27.8066102306 1.0669834014e-23
27.870732486 1.06246505078e-23
27.9350026078 1.05797346036e-23
27.999420937 1.0535084961e-23
28.0639878154 1.04907002459e-23
28.1287035855 1.04465791308e-23
28.1935685907 1.04027202943e-23
28.258583175 1.03591224213e-23
28.3237476835 1.03157842032e-23
28.3890624618 1.02727043372e-23
28.4545278566 1.02298815271e-23
28.520144215 1.01873144824e-23
28.5859118852 1.0145001919e-23
28.6518312162 1.01029425586e-23
28.7179025577 1.00611351292e-23
28.7841262602 1.00195783643e-23
28.850502675 9.97827100369e-24
28.9170321544 9.93721179289e-24
28.9837150512 9.89639948325e-24
29.0505517193 9.8558328319e-24
29.1175425133 9.81551060175e-24
29.1846877886 9.77543156138e-24
29.2519879014 9.73559448509e-24
29.3194432088 9.69599815276e-24
29.3870540686 9.65664134988e-24
29.4548208396 9.61752286749e-24
29.5227438812 9.57864150216e-24
29.5908235539 9.53999605591e-24
29.6590602189 9.50158533621e-24
29.7274542381 9.46340815593e-24
29.7960059745 9.42546333329e-24
29.8647157917 9.38774969186e-24
29.9335840543 9.35026606046e-24
30.0026111276 9.31301127319e-24
30.0717973778 9.27598416936e-24
30.1411431721 9.23918359346e-24
30.2106488783 9.2026083951e-24
30.2803148652 9.16625742903e-24
30.3501415024 9.13012955505e-24
30.4201291603 9.09422363799e-24
30.4902782103 9.05853854771e-24
30.5605890246 9.02307315902e-24
30.6310619761 8.98782635164e-24
30.7016974389 8.95279701023e-24
30.7724957875 8.91798402429e-24
30.8434573976 8.88338628816e-24
30.9145826458 8.84900270096e-24
30.9858719093 8.8148321666e-24
31.0573255665 8.7808735937e-24
31.1289439963 8.7471258956e-24
31.2007275787 8.7135879903e-24
31.2726766946 8.68025880042e-24
31.3447917258 8.6471372532e-24
31.4170730547 8.61422228045e-24
31.489521065 8.58151281852e-24
31.5621361409 8.54900780827e-24
31.6349186677 8.51670619505e-24
31.7078690316 8.48460692864e-24
31.7809876196 8.45270896325e-24
31.8542748196 8.42101125749e-24
31.9277310205 8.38951277431e-24
32.0013566119 8.35821248102e-24
32.0751519845 8.3271093492e-24
32.1491175298 8.29620235472e-24
32.2232536402 8.2654904777e-24
32.297560709 8.23497270248e-24
32.3720391305 8.20464801758e-24
32.4466892999 8.17451541568e-24
32.521511613 8.1445738936e-24
32.596506467 8.11482245228e-24
32.6716742597 8.08526009673e-24
32.7470153899 8.05588583602e-24
32.8225302574 8.02669868324e-24
32.8982192626 7.99769765549e-24
32.9740828074 7.96888177386e-24
33.050121294 7.94025006338e-24
33.1263351259 7.911801553e-24
33.2027247076 7.8835352756e-24
33.2792904442 7.85545026792e-24
33.3560327419 7.82754557056e-24
33.432952008 7.79982022794e-24
33.5100486505 7.77227328832e-24
33.5873230785 7.74490380371e-24
33.6647757019 7.7177108299e-24
33.7424069316 7.69069342641e-24
33.8202171795 7.6638506565e-24
33.8982068584 7.63718158709e-24
33.9763763822 7.6106852888e-24
34.0547261654 7.5843608359e-24
34.1332566239 7.55820730627e-24
34.2119681742 7.53222378143e-24
34.2908612339 7.50640934646e-24
34.3699362216 7.48076309002e-24
34.4491935569 7.45528410434e-24
34.5286336602 7.42997148514e-24
34.6082569529 7.40482433168e-24
34.6880638576 7.37984174671e-24
34.7680547976 7.35502283642e-24
34.8482301973 7.33036671048e-24
34.9285904821 7.30587248201e-24
35.0091360784 7.2815392675e-24
35.0898674134 7.25736618688e-24
35.1707849155 7.23335236344e-24
35.2518890139 7.20949692384e-24
35.333180139 7.18579899809e-24
35.4146587221 7.16225771953e-24
35.4963251954 7.1388722248e-24
35.5781799923 7.11564165387e-24
35.6602235469 7.09256514994e-24
35.7424562945 7.06964185954e-24
35.8248786716 7.04687093239e-24
35.9074911152 7.0242515215e-24
35.9902940638 7.00178278306e-24
36.0732879566 6.97946387648e-24
36.1564732339 6.95729396438e-24
36.2398503372 6.93527221254e-24
36.3234197086 6.9133977899e-24
36.4071817917 6.89166986856e-24
36.4911370308 6.87008762377e-24
36.5752858713 6.84865023388e-24
36.6596287597 6.82735688037e-24
36.7441661434 6.80620674782e-24
36.828898471 6.78519902389e-24
36.913826192 6.76433289932e-24
36.9989497569 6.74360756791e-24
37.0842696174 6.72302222652e-24
37.1697862262 6.70257607505e-24
37.2555000369 6.68226831643e-24
37.3414115044 6.6620981566e-24
37.4275210843 6.64206480452e-24
37.5138292336 6.62216747215e-24
37.6003364101 6.60240537444e-24
37.6870430729 6.58277772931e-24
37.7739496818 6.56328375766e-24
37.8610566981 6.54392268334e-24
37.9483645838 6.52469373315e-24
38.0358738022 6.50559613686e-24
38.1235848175 6.48662912714e-24
38.2114980951 6.4677919396e-24
38.2996141013 6.44908381276e-24
38.3879333037 6.43050398807e-24
38.4764561709 6.41205170985e-24
38.5651831725 6.39372622534e-24
38.6541147793 6.37552678465e-24
38.743251463 6.35745264078e-24
38.8325936966 6.33950304959e-24
38.922141954 6.32167726981e-24
39.0118967104 6.30397456303e-24
39.101858442 6.2863941937e-24
39.192027626 6.2689354291e-24
39.2824047408 6.25159753936e-24
39.372990266 6.23437979744e-24
39.4637846821 6.21728147913e-24
39.5547884707 6.20030186303e-24
39.6460021149 6.18344023058e-24
39.7374260983 6.16669586601e-24
39.8290609062 6.15006805637e-24
39.9209070246 6.13355609151e-24
40.0129649409 6.11715926406e-24
40.1052351435 6.10087686948e-24
40.1977181218 6.08470820598e-24
40.2904143666 6.06865257457e-24
40.3833243697 6.05270927903e-24
40.4764486239 6.03687762593e-24
40.5697876233 6.02115692461e-24
40.6633418632 6.00554648716e-24
40.7571118399 5.99004562845e-24
40.8510980509 5.9746536661e-24
40.9453009948 5.9593699205e-24
41.0397211714 5.94419371478e-24
41.1343590817 5.92912437483e-24
41.2292152277 5.91416122928e-24
41.3242901127 5.89930360951e-24
41.4195842411 5.88455084965e-24
41.5150981185 5.86990228655e-24
41.6108322516 5.85535725981e-24
41.7067871483 5.84091511175e-24
41.8029633178 5.82657518744e-24
41.8993612703 5.81233683467e-24
41.9959815172 5.79819940395e-24
42.0928245711 5.78416224853e-24
42.1898909458 5.77022472436e-24
42.2871811564 5.75638619013e-24
42.3846957189 5.74264600724e-24
42.4824351507 5.7290035398e-24
42.5803999704 5.71545815465e-24
42.6785906977 5.70200922134e-24
42.7770078536 5.68865611211e-24
42.8756519602 5.67539820193e-24
42.9745235409 5.66223486848e-24
43.0736231201 5.64916549212e-24
43.1729512238 5.63618945594e-24
43.2725083788 5.62330614572e-24
43.3722951134 5.61051494995e-24
43.472311957 5.59781525982e-24
43.5725594402 5.5852064692e-24
43.6730380948 5.57268797467e-24
43.773748454 5.56025917552e-24
43.874691052 5.54791947371e-24
43.9758664245 5.5356682739e-24
44.0772751081 5.52350498344e-24
44.1789176409 5.51142901239e-24
44.2807945622 5.49943977347e-24
44.3829064124 5.4875366821e-24
44.4852537333 5.47571915638e-24
44.587837068 5.46398661712e-24
44.6906569606 5.45233848778e-24
44.7937139566 5.44077419453e-24
44.8970086029 5.42929316619e-24
45.0005414474 5.41789483428e-24
45.1043130394 5.40657863301e-24
45.2083239296 5.39534399924e-24
45.3125746696 5.38419037252e-24
45.4170658126 5.37311719508e-24
45.521797913 5.36212391179e-24
45.6267715264 5.35120997024e-24
45.7319872098 5.34037482066e-24
45.8374455214 5.32961791594e-24
45.9431470206 5.31893871166e-24
46.0490922683 5.30833666605e-24
46.1552818265 5.29781124001e-24
46.2617162587 5.2873618971e-24
46.3683961295 5.27698810352e-24
46.4753220049 5.26668932817e-24
46.5824944521 5.25646504257e-24
46.6899140399 5.24631472091e-24
46.797581338 5.23623784002e-24
46.9054969177 5.2262338794e-24
47.0136613516 5.21630232118e-24
47.1220752135 5.20644265015e-24
47.2307390786 5.19665435373e-24
47.3396535234 5.18693692199e-24
47.4488191258 5.17728984764e-24
47.5582364648 5.16771262603e-24
47.6679061211 5.15820475513e-24
47.7778286764 5.14876573556e-24
47.888004714 5.13939507056e-24
47.9984348184 5.130092266e-24
48.1091195754 5.12085683037e-24
48.2200595724 5.11168827478e-24
48.3312553978 5.10258611297e-24
48.4427076416 5.0935498613e-24
48.5544168952 5.08457903871e-24
48.6663837511 5.07567316679e-24
48.7786088035 5.0668317697e-24
48.8910926477 5.05805437424e-24
49.0038358805 5.04934050978e-24
49.1168391 5.04068970831e-24
49.2301029059 5.03210150438e-24
49.3436278989 5.02357543517e-24
49.4574146815 5.01511104042e-24
49.5714638572 5.00670786246e-24
49.6857760312 4.99836544619e-24
49.80035181 4.9900833391e-24
49.9151918013 4.98186109124e-24
50.0302966146 4.97369825522e-24
50.1456668604 4.96559438624e-24
50.261303151 4.95754904202e-24
50.3772060996 4.94956178286e-24
50.4933763214 4.94163217159e-24
50.6098144326 4.93375977362e-24
50.7265210509 4.92594415685e-24
50.8434967957 4.91818489176e-24
50.9607422873 4.91048155133e-24
51.078258148 4.90283371108e-24
51.1960450011 4.89524094905e-24
51.3141034717 4.8877028458e-24
51.4324341859 4.88021898439e-24
51.5510377717 4.87278895038e-24
51.6699148583 4.86541233186e-24
51.7890660763 4.85808871937e-24
51.9084920579 4.85081770599e-24
52.0281934368 4.84359888723e-24
52.148170848 4.83643186112e-24
52.268424928 4.82931622815e-24
52.3889563148 4.82225159126e-24
52.5097656479 4.81523755588e-24
52.6308535683 4.80827372986e-24
52.7522207183 4.80135972352e-24
52.8738677419 4.79449514962e-24
52.9957952845 4.78767962336e-24
53.1180039929 4.78091276235e-24
53.2404945155 4.77419418664e-24
53.3632675022 4.76752351868e-24
53.4863236044 4.76090038336e-24
53.6096634748 4.75432440795e-24
53.733287768 4.7477952221e-24
53.8571971397 4.7413124579e-24
53.9813922473 4.73487574976e-24
54.1058737499 4.72848473451e-24
54.2306423077 4.72213905134e-24
54.3556985828 4.71583834179e-24
54.4810432386 4.70958224976e-24
54.6066769401 4.70337042149e-24
54.7326003539 4.69720250557e-24
54.858814148 4.69107815291e-24
54.9853189922 4.68499701676e-24
55.1121155574 4.67895875267e-24
55.2392045166 4.6729630185e-24
55.3665865438 4.66700947443e-24
55.4942623149 4.6610977829e-24
55.6222325074 4.65522760866e-24
55.7504978001 4.64939861873e-24
55.8790588735 4.6436104824e-24
56.0079164098 4.63786287122e-24
56.1370710925 4.63215545899e-24
56.2665236069 4.62648792177e-24
56.3962746398 4.62085993782e-24
56.5263248795 4.61527118766e-24
56.6566750161 4.60972135403e-24
56.7873257412 4.60421012185e-24
56.9182777477 4.59873717828e-24
57.0495317306 4.59330221265e-24
57.1810883862 4.58790491648e-24
57.3129484125 4.58254498347e-24
57.445112509 4.57722210948e-24
57.5775813769 4.57193599254e-24
57.710355719 4.56668633282e-24
57.8434362397 4.56147283264e-24
57.9768236452 4.55629519643e-24
58.110518643 4.55115313077e-24
58.2445219425 4.54604634434e-24
58.3788342547 4.54097454793e-24
58.513456292 4.53593745442e-24
58.6483887688 4.53093477878e-24
58.783632401 4.52596623805e-24
58.9191879059 4.52103155135e-24
59.055056003 4.51613043985e-24
59.1912374128 4.51126262676e-24
59.3277328581 4.50642783736e-24
59.4645430629 4.50162579893e-24
59.601668753 4.49685624079e-24
59.7391106561 4.49211889425e-24
59.8768695012 4.48741349264e-24
60.0149460193 4.48273977128e-24
60.1533409428 4.47809746747e-24
60.2920550062 4.47348632047e-24
60.4310889452 4.46890607154e-24
60.5704434975 4.46435646384e-24
60.7101194025 4.45983724253e-24
60.8501174012 4.45534815466e-24
60.9904382364 4.45088894923e-24
61.1310826525 4.44645937714e-24
61.2720513957 4.44205919121e-24
61.4133452138 4.43768814614e-24
61.5549648566 4.43334599853e-24
61.6969110754 4.42903250685e-24
61.8391846232 4.42474743142e-24
61.981786255 4.42049053443e-24
62.1247167271 4.41626157993e-24
62.2679767981 4.41206033378e-24
62.4115672278 4.40788656368e-24
62.5554887782 4.40374003914e-24
62.6997422128 4.39962053149e-24
62.8443282969 4.39552781383e-24
62.9892477976 4.39146166107e-24
63.1345014838 4.3874218499e-24
63.280090126 4.38340815875e-24
63.4260144969 4.37942036782e-24
63.5722753704 4.37545825908e-24
63.7188735226 4.37152161619e-24
63.8658097313 4.36761022457e-24
64.013084776 4.36372387136e-24
64.160699438 4.35986234538e-24
64.3086545006 4.35602543718e-24
64.4569507487 4.35221293896e-24
64.6055889691 4.34842464462e-24
64.7545699504 4.34466034974e-24
64.9038944829 4.34091985152e-24
65.053563359 4.33720294884e-24
65.2035773726 4.33350944219e-24
65.3539373197 4.32983913372e-24
65.5046439979 4.32619182717e-24
65.655698207 4.3225673279e-24
65.8071007481 4.31896544286e-24
65.9588524247 4.3153859806e-24
66.1109540418 4.31182875124e-24
66.2634064065 4.30829356646e-24
66.4162103274 4.30478023951e-24
66.5693666153 4.30128858519e-24
66.7228760828 4.29781841983e-24
66.8767395443 4.29436956129e-24
67.0309578161 4.29094182896e-24
67.1855317165 4.28753504374e-24
67.3404620654 4.284149028e-24
67.4957496849 4.28078360563e-24
67.6513953988 4.277438602e-24
67.8074000329 4.27411384394e-24
67.963764415 4.27080915974e-24
68.1204893744 4.26752437914e-24
68.2775757428 4.26425933334e-24
68.4350243536 4.26101385495e-24
68.5928360421 4.25778777801e-24
68.7510116456 4.25458093799e-24
68.9095520031 4.25139317173e-24
69.068457956 4.2482243175e-24
69.2277303472 4.24507421494e-24
69.3873700218 4.24194270505e-24
69.5473778266 4.23882963022e-24
69.7077546107 4.23573483418e-24
69.8685012249 4.23265816202e-24
70.029618522 4.22959946017e-24
70.1911073568 4.22655857637e-24
70.3529685861 4.22353535969e-24
70.5152030686 4.22052966052e-24
70.6778116651 4.21754133055e-24
70.8407952382 4.21457022274e-24
71.0041546527 4.21161619135e-24
71.1678907753 4.20867909192e-24
71.3320044746 4.20575878125e-24
71.4964966213 4.20285511739e-24
71.6613680882 4.19996795965e-24
71.82661975 4.19709716855e-24
71.9922524834 4.19424260587e-24
72.1582671671 4.19140413459e-24
72.3246646819 4.18858161893e-24
72.4914459107 4.18577492427e-24
72.6586117382 4.18298391722e-24
72.8261630514 4.18020846557e-24
72.9941007393 4.17744843826e-24
73.1624256927 4.17470370543e-24
73.3311388048 4.17197413837e-24
73.5002409705 4.1692596095e-24
73.6697330872 4.16655999242e-24
73.839616054 4.16387516183e-24
74.0098907722 4.16120499358e-24
74.1805581452 4.15854936462e-24
74.3516190784 4.15590815302e-24
74.5230744795 4.15328123794e-24
74.694925258 4.15066849963e-24
74.8671723258 4.14806981945e-24
75.0398165966 4.14548507981e-24
75.2128589864 4.14291416419e-24
75.3863004133 4.14035695713e-24
75.5601417974 4.13781334424e-24
75.7343840611 4.13528321214e-24
75.9090281288 4.13276644852e-24
76.084074927 4.13026294207e-24
76.2595253845 4.12777258252e-24
76.4353804321 4.12529526059e-24
76.6116410027 4.12283086802e-24
76.7883080316 4.12037929755e-24
76.965382456 4.11794044289e-24
77.1428652154 4.11551419874e-24
77.3207572514 4.11310046078e-24
77.4990595077 4.11069912564e-24
77.6777729305 4.10831009091e-24
77.8568984677 4.10593325515e-24
78.0364370698 4.10356851785e-24
78.2163896893 4.10121577941e-24
78.3967572809 4.09887494121e-24
78.5775408016 4.0965459055e-24
78.7587412104 4.09422857547e-24
78.9403594687 4.09192285521e-24
79.1223965402 4.08962864972e-24
79.3048533905 4.08734586486e-24
79.4877309877 4.08507440741e-24
79.671030302 4.08281418501e-24
79.854752306 4.08056510616e-24
80.0388979743 4.07832708024e-24
80.2234682839 4.07610001748e-24
80.4084642141 4.07388382897e-24
80.5938867463 4.07167842662e-24
80.7797368642 4.06948372319e-24
80.966015554 4.06729963226e-24
81.1527238038 4.06512606825e-24
81.3398626043 4.06296294637e-24
81.5274329483 4.06081018267e-24
81.7154358309 4.05866769396e-24
81.9038722496 4.05653539788e-24
82.0927432042 4.05441321285e-24
82.2820496966 4.05230105806e-24
82.4717927312 4.05019885349e-24
82.6619733147 4.04810651988e-24
82.852592456 4.04602397875e-24
83.0436511666 4.04395115235e-24
83.23515046 4.04188796369e-24
83.4270913523 4.03983433655e-24
83.6194748617 4.03779019541e-24
83.8123020089 4.0357554655e-24
84.005573817 4.03373007277e-24
84.1992913114 4.0317139439e-24
84.3934555198 4.02970700627e-24
84.5880674724 4.02770918799e-24
84.7831282016 4.02572041783e-24
84.9786387423 4.0237406253e-24
85.1746001319 4.02176974058e-24
85.3710134099 4.01980769452e-24
85.5678796184 4.01785441868e-24
85.7651998019 4.01590984527e-24
85.9629750072 4.01397390717e-24
86.1612062837 4.01204653792e-24
86.359894683 4.01012767173e-24
86.5590412592 4.00821724344e-24
86.758647069 4.00631518855e-24
86.9587131714 4.00442144318e-24
87.1592406276 4.0025359441e-24
87.3602305018 4.00065862871e-24
87.5616838601 3.99878943502e-24
87.7636017714 3.99692830167e-24
87.9659853069 3.99507516789e-24
88.1688355404 3.99322997354e-24
88.3721535481 3.99139265908e-24
88.5759404087 3.98956316555e-24
88.7801972033 3.98774143458e-24
88.9849250157 3.98592740842e-24
89.1901249319 3.98412102986e-24
89.3957980407 3.98232224229e-24
89.6019454333 3.98053098966e-24
89.8085682034 3.9787472165e-24
90.0156674471 3.97697086788e-24
90.2232442633 3.97520188943e-24
90.4312997532 3.97344022736e-24
90.6398350206 3.97168582838e-24
90.848851172 3.96993863979e-24
91.0583493162 3.96819860939e-24
91.2683305647 3.96646568553e-24
91.4787960316 3.96473981708e-24
91.6897468334 3.96302095344e-24
91.9011840894 3.96130904452e-24
92.1131089214 3.95960404076e-24
92.3255224536 3.95790589309e-24
92.538425813 3.95621455296e-24
92.7518201293 3.9545299723e-24
92.9657065344 3.95285210357e-24
93.1800861632 3.95118089968e-24
93.3949601531 3.94951631406e-24
93.610329644 3.94785830062e-24
93.8261957787 3.94620681373e-24
94.0425597023 3.94456180824e-24
94.2594225627 3.94292323949e-24
94.4767855106 3.94129106327e-24
94.694649699 3.93966523583e-24
94.913016284 3.93804571388e-24
95.1318864239 3.93643245459e-24
95.3512612801 3.93482541557e-24
95.5711420164 3.9332245549e-24
95.7915297993 3.93162983106e-24
96.0124257982 3.93004120301e-24
96.2338311849 3.92845863012e-24
96.4557471341 3.9268820722e-24
96.6781748232 3.92531148947e-24
96.9011154322 3.9237468426e-24
97.124570144 3.92218809266e-24
97.348540144 3.92063520114e-24
97.5730266206 3.91908812994e-24
97.7980307647 3.91754684137e-24
98.0235537701 3.91601129814e-24
98.2495968332 3.91448146337e-24
98.4761611534 3.91295730056e-24
98.7032479326 3.91143877362e-24
98.9308583757 3.90992584684e-24
99.1589936902 3.90841848491e-24
99.3876550865 3.90691665288e-24
99.6168437777 3.9054203162e-24
99.8465609797 3.90392944069e-24
100.076807911 3.90244399253e-24
100.307585794 3.90096393829e-24
100.538895853 3.8994892449e-24
100.770739314 3.89801987964e-24
101.003117408 3.89655581015e-24
101.236031368 3.89509700446e-24
101.469482429 3.8936434309e-24
101.703471829 3.8921950582e-24
101.938000812 3.89075185541e-24
102.17307062 3.88931379191e-24
102.4086825 3.88788083746e-24
102.644837704 3.88645296213e-24
102.881537483 3.88503013632e-24
103.118783094 3.88361233078e-24
103.356575795 3.88219951659e-24
103.594916847 3.88079166512e-24
103.833807516 3.87938874811e-24
104.073249069 3.87799073759e-24
104.313242775 3.87659760592e-24
104.553789909 3.87520932576e-24
104.794891747 3.87382587008e-24
105.036549567 3.87244721219e-24
105.278764652 3.87107332567e-24
105.521538287 3.86970418442e-24
105.76487176 3.86833976263e-24
106.008766361 3.8669800348e-24
106.253223385 3.86562497571e-24
106.49824413 3.86427456044e-24
106.743829893 3.86292876436e-24
106.98998198 3.86158756313e-24
107.236701695 3.86025093268e-24
107.483990347 3.85891884924e-24
107.73184925 3.8575912893e-24
107.980279716 3.85626822965e-24
108.229283065 3.85494964732e-24
108.478860618 3.85363551966e-24
108.729013699 3.85232582423e-24
108.979743634 3.85102053891e-24
109.231051755 3.84971964181e-24
109.482939394 3.84842311132e-24
109.735407888 3.84713092608e-24
109.988458576 3.84584306499e-24
110.242092801 3.84455950721e-24
110.496311908 3.84328023214e-24
110.751117247 3.84200521944e-24
111.006510168 3.84073444901e-24
111.262492028 3.83946790102e-24
111.519064184 3.83820555585e-24
111.776227997 3.83694739414e-24
112.033984832 3.83569339676e-24
112.292336056 3.83444354484e-24
112.55128304 3.83319781971e-24
112.810827158 3.83195620297e-24
113.070969786 3.83071867641e-24
113.331712306 3.82948522208e-24
113.593056099 3.82825582225e-24
113.855002554 3.82703045941e-24
114.117553058 3.82580911627e-24
114.380709007 3.82459177577e-24
114.644471795 3.82337842106e-24
114.908842822 3.82216903551e-24
115.17382349 3.82096360271e-24
115.439415206 3.81976210645e-24
115.705619379 3.81856453075e-24
115.97243742 3.81737085981e-24
116.239870746 3.81618107807e-24
116.507920775 3.81499517015e-24
116.77658893 3.8138131209e-24
117.045876635 3.81263491534e-24
117.31578532 3.81146053871e-24
117.586316416 3.81028997644e-24
117.857471359 3.80912321416e-24
118.129251588 3.80796023771e-24
118.401658544 3.80680103309e-24
118.674693672 3.80564558652e-24
118.948358421 3.80449388439e-24
119.222654244 3.80334591328e-24
119.497582594 3.80220165999e-24
119.773144932 3.80106111145e-24
120.049342718 3.79992425481e-24
120.326177419 3.79879107739e-24
120.603650502 3.79766156669e-24
120.881763441 3.79653571039e-24
121.16051771 3.79541349635e-24
121.439914789 3.7942949126e-24
121.719956159 3.79317994734e-24
122.000643307 3.79206858895e-24
122.281977722 3.79096082598e-24
122.563960896 3.78985664714e-24
122.846594325 3.78875604132e-24
123.129879509 3.78765899756e-24
123.413817951 3.78656550508e-24
123.698411157 3.78547555326e-24
123.983660637 3.78438913164e-24
124.269567905 3.78330622992e-24
124.556134477 3.78222683795e-24
124.843361874 3.78115094576e-24
125.131251619 3.78007854352e-24
125.41980524 3.77900962155e-24
125.709024269 3.77794417034e-24
125.998910238 3.77688218052e-24
126.289464687 3.77582364287e-24
126.580689156 3.77476854834e-24
126.872585191 3.773716888e-24
127.165154341 3.77266865309e-24
127.458398158 3.77162383498e-24
127.752318197 3.7705824252e-24
128.046916018 3.7695444154e-24
128.342193183 3.7685097974e-24
128.63815126 3.76747856314e-24
128.934791819 3.76645070471e-24
129.232116433 3.76542621435e-24
129.53012668 3.76440508441e-24
129.82882414 3.76338730739e-24
130.1282104 3.76237287594e-24
130.428287046 3.76136178281e-24
130.729055672 3.76035402092e-24
131.030517872 3.7593495833e-24
131.332675246 3.75834846312e-24
131.635529398 3.75735065368e-24
131.939081933 3.75635614839e-24
132.243334463 3.75536494081e-24
132.548288602 3.75437702462e-24
132.853945967 3.75339239362e-24
133.16030818 3.75241104175e-24
133.467376867 3.75143296306e-24
133.775153657 3.75045815171e-24
134.083640182 3.74948660202e-24
134.39283808 3.74851830839e-24
134.70274899 3.74755326537e-24
135.013374558 3.74659146761e-24
135.32471643 3.74563290988e-24
135.636776259 3.74467758707e-24
135.9495557 3.74372549419e-24
136.263056413 3.74277662636e-24
136.577280061 3.74183097882e-24
136.892228311 3.74088854691e-24
137.207902835 3.7399493261e-24
137.524305306 3.73901331195e-24
137.841437404 3.73808050014e-24
138.15930081 3.73715088648e-24
138.477897212 3.73622446686e-24
138.7972283 3.73530123729e-24
139.117295768 3.73438119388e-24
139.438101314 3.73346433286e-24
139.75964664 3.73255065055e-24
140.081933452 3.73164014338e-24
140.404963459 3.7307328079e-24
140.728738377 3.72982864074e-24
141.053259922 3.72892763864e-24
141.378529816 3.72802979844e-24
141.704549784 3.72713511709e-24
142.031321558 3.72624359164e-24
142.358846869 3.72535521921e-24
142.687127457 3.72446999707e-24
143.016165062 3.72358792254e-24
143.34596143 3.72270899305e-24
143.676518311 3.72183320616e-24
144.007837459 3.72096055947e-24
144.339920631 3.72009105072e-24
144.67276959 3.71922467773e-24
145.006386101 3.71836143839e-24
145.340771934 3.71750133073e-24
145.675928863 3.71664435284e-24
146.011858667 3.71579050289e-24
146.348563127 3.71493977918e-24
146.686044031 3.71409218008e-24
147.024303168 3.71324770403e-24
147.363342333 3.7124063496e-24
147.703163325 3.71156811542e-24
148.043767947 3.7107330002e-24
148.385158006 3.70990100278e-24
148.727335313 3.70907212204e-24
149.070301684 3.70824635696e-24
149.414058937 3.70742370663e-24
149.758608897 3.70660417019e-24
150.103953392 3.70578774689e-24
150.450094255 3.70497443605e-24
150.79703332 3.70416423707e-24
151.14477243 3.70335714945e-24
151.493313429 3.70255317276e-24
151.842658166 3.70175230665e-24
152.192808495 3.70095455086e-24
152.543766272 3.7001599052e-24
152.895533362 3.69936836957e-24
153.248111629 3.69857994394e-24
153.601502944 3.69779462837e-24
153.955709182 3.697012423e-24
154.310732222 3.69623332802e-24
154.666573949 3.69545734373e-24
155.023236249 3.69468447051e-24
155.380721015 3.69391470878e-24
155.739030143 3.69314805907e-24
156.098165535 3.69238452197e-24
156.458129096 3.69162409816e-24
156.818922736 3.69086678837e-24
157.180548369 3.69011259344e-24
157.543007913 3.68936151424e-24
157.906303292 3.68861355176e-24
158.270436433 3.68786870702e-24
158.635409267 3.68712698114e-24
159.001223731 3.68638837532e-24
159.367881767 3.68565289079e-24
159.735385319 3.68492052891e-24
160.103736336 3.68419129105e-24
160.472936774 3.6834651787e-24
160.842988591 3.6827421934e-24
161.213893751 3.68202233676e-24
161.58565422 3.68130561045e-24
161.958271972 3.68059201623e-24
162.331748983 3.67988155592e-24
162.706087235 3.67917423141e-24
163.081288714 3.67847004465e-24
163.457355411 3.67776899766e-24
163.83428932 3.67707109254e-24
164.212092442 3.67637633145e-24
164.59076678 3.67568471661e-24
164.970314345 3.67499625031e-24
165.350737149 3.67431093491e-24
165.732037211 3.67362877283e-24
166.114216553 3.67294976657e-24
166.497277205 3.67227391868e-24
166.881221197 3.67160123178e-24
167.266050566 3.67093170855e-24
167.651767356 3.67026535174e-24
168.038373611 3.66960216417e-24
168.425871383 3.66894214871e-24
168.814262728 3.6682853083e-24
169.203549706 3.66763164594e-24
169.593734383 3.66698116471e-24
169.984818829 3.66633386773e-24
170.376805119 3.66568975819e-24
170.769695332 3.66504883934e-24
171.163491552 3.66441111451e-24
171.55819587 3.66377658706e-24
171.953810379 3.66314526044e-24
172.350337179 3.66251713815e-24
172.747778371 3.66189222375e-24
173.146136067 3.66127052086e-24
173.545412378 3.66065203315e-24
173.945609424 3.66003676438e-24
174.346729327 3.65942471835e-24
174.748774215 3.65881589891e-24
175.151746222 3.65821030999e-24
175.555647486 3.65760795557e-24
175.960480149 3.6570088397e-24
176.366246359 3.65641296646e-24
176.772948269 3.65582034002e-24
177.180588037 3.65523096459e-24
177.589167826 3.65464484445e-24
177.998689802 3.65406198393e-24
178.409156139 3.65348238742e-24
178.820569015 3.65290605938e-24
179.232930612 3.6523330043e-24
179.646243118 3.65176322675e-24
180.060508726 3.65119673135e-24
180.475729633 3.65063352279e-24
180.891908043 3.65007360579e-24
181.309046164 3.64951698515e-24
181.727146208 3.64896366571e-24
182.146210394 3.64841365239e-24
182.566240946 3.64786695014e-24
182.987240091 3.64732356397e-24
183.409210063 3.64678349898e-24
183.832153101 3.64624676027e-24
184.256071449 3.64571335305e-24
184.680967356 3.64518328255e-24
185.106843077 3.64465655406e-24
185.53370087 3.64413317294e-24
185.961543 3.64361314459e-24
186.390371737 3.64309647448e-24
186.820189357 3.64258316812e-24
187.25099814 3.64207323109e-24
187.682800371 3.64156666902e-24
188.115598341 3.64106348757e-24
188.549394346 3.64056369249e-24
188.984190689 3.64006728958e-24
189.419989675 3.63957428466e-24
189.856793617 3.63908468365e-24
190.294604832 3.6385984925e-24
190.733425643 3.6381157172e-24
191.173258378 3.63763636383e-24
191.614105371 3.6371604385e-24
192.055968961 3.63668794737e-24
192.498851491 3.63621889667e-24
192.942755312 3.63575329267e-24
193.387682778 3.6352911417e-24
193.833636251 3.63483245015e-24
194.280618095 3.63437722445e-24
194.728630683 3.63392547109e-24
195.177676392 3.63347719661e-24
195.627757604 3.6330324076e-24
196.078876706 3.63259111072e-24
196.531036092 3.63215331267e-24
196.984238161 3.6317190202e-24
197.438485318 3.63128824011e-24
197.893779972 3.63086097928e-24
198.350124539 3.6304372446e-24
198.80752144 3.63001704306e-24
199.265973102 3.62960038166e-24
199.725481957 3.62918726747e-24
200.186050442 3.62877770763e-24
200.647681003 3.6283717093e-24
201.110376086 3.62796927971e-24
201.574138149 3.62757042615e-24
202.03896965 3.62717515596e-24
202.504873056 3.6267834765e-24
202.971850839 3.62639539523e-24
203.439905476 3.62601091964e-24
203.909039451 3.62563005726e-24
204.379255252 3.62525281569e-24
204.850555374 3.62487920259e-24
205.322942319 3.62450922564e-24
205.796418591 3.62414289261e-24
206.270986703 3.62378021129e-24
206.746649172 3.62342118955e-24
207.223408523 3.62306583529e-24
207.701267285 3.62271415647e-24
208.180227993 3.62236616111e-24
208.660293187 3.62202185726e-24
209.141465416 3.62168125306e-24
209.623747232 3.62134435666e-24
210.107141193 3.6210111763e-24
210.591649864 3.62068172023e-24
211.077275816 3.6203559968e-24
211.564021625 3.62003401437e-24
212.051889873 3.61971578139e-24
212.54088315 3.61940130632e-24
213.031004049 3.61909059771e-24
213.52225517 3.61878366414e-24
214.01463912 3.61848051425e-24
214.508158511 3.61818115674e-24
215.002815962 3.61788560034e-24
215.498614097 3.61759385385e-24
215.995555545 3.61730592613e-24
216.493642945 3.61702182607e-24
216.992878938 3.61674156262e-24
217.493266173 3.61646514479e-24
217.994807305 3.61619258164e-24
218.497504994 3.61592388227e-24
219.001361909 3.61565905586e-24
219.506380721 3.61539811161e-24
220.01256411 3.61514105879e-24
220.519914762 3.61488790672e-24
221.028435369 3.61463866478e-24
221.538128628 3.61439334238e-24
222.048997243 3.61415194902e-24
222.561043925 3.61391449421e-24
223.074271391 3.61368098754e-24
223.588682364 3.61345143864e-24
224.104279572 3.61322585722e-24
224.621065751 3.613004253e-24
225.139043643 3.61278663577e-24
225.658215996 3.6125730154e-24
226.178585564 3.61236340178e-24
226.700155109 3.61215780486e-24
227.222927397 3.61195623465e-24
227.746905202 3.6117587012e-24
228.272091303 3.61156521464e-24
228.798488488 3.61137578513e-24
229.326099549 3.61119042288e-24
229.854927285 3.61100913817e-24
230.384974502 3.61083194133e-24
230.916244011 3.61065884274e-24
231.448738632 3.61048985282e-24
231.98246119 3.61032498207e-24
232.517414516 3.61016424103e-24
233.053601449 3.61000764028e-24
233.591024832 3.60985519049e-24
234.129687519 3.60970690235e-24
234.669592365 3.60956278661e-24
235.210742236 3.60942285409e-24
235.753140003 3.60928711566e-24
236.296788543 3.60915558222e-24
236.841690741 3.60902826475e-24
237.387849487 3.60890517428e-24
237.93526768 3.6087863219e-24
238.483948224 3.60867171872e-24
239.033894028 3.60856137596e-24
239.585108012 3.60845530484e-24
240.1375931 3.60835351667e-24
240.691352223 3.60825602281e-24
241.246388318 3.60816283466e-24
241.802704331 3.60807396368e-24
242.360303212 3.6079894214e-24
242.919187921 3.60790921939e-24
243.479361423 3.60783336928e-24
244.040826689 3.60776188276e-24
244.603586698 3.60769477155e-24
245.167644435 3.60763204746e-24
245.733002895 3.60757372234e-24
246.299665075 3.6075198081e-24
246.867633982 3.60747031669e-24
247.436912631 3.60742526014e-24
248.00750404 3.60738465052e-24
248.579411237 3.60734849996e-24
249.152637256 3.60731682064e-24
249.72718514 3.6072896248e-24
250.303057934 3.60726692475e-24
250.880258696 3.60724873284e-24
251.458790488 3.60723506147e-24
252.038656378 3.60722592313e-24
252.619859443 3.60722133032e-24
253.202402767 3.60722129564e-24
253.786289441 3.60722583171e-24
254.371522561 3.60723495124e-24
254.958105233 3.60724866697e-24
255.54604057 3.60726699171e-24
256.13533169 3.60728993834e-24
256.72598172 3.60731751977e-24
257.317993793 3.60734974898e-24
257.911371051 3.60738663901e-24
258.506116641 3.60742820296e-24
259.102233719 3.60747445398e-24
259.699725447 3.60752540528e-24
260.298594997 3.60758107013e-24
260.898845543 3.60764146186e-24
261.500480272 3.60770659385e-24
262.103502376 3.60777647955e-24
262.707915053 3.60785113246e-24
263.31372151 3.60793056614e-24
263.920924961 3.60801479421e-24
264.529528629 3.60810383034e-24
265.139535741 3.60819768828e-24
265.750949534 3.60829638182e-24
266.363773252 3.60839992481e-24
266.978010146 3.60850833117e-24
267.593663475 3.60862161486e-24
268.210736505 3.60873978993e-24
268.829232511 3.60886287047e-24
269.449154773 3.60899087062e-24
270.07050658 3.60912380459e-24
270.69329123 3.60926168666e-24
271.317512025 3.60940453116e-24
271.943172279 3.60955235247e-24
272.57027531 3.60970516506e-24
273.198824445 3.60986298342e-24
273.828823019 3.61002582214e-24
274.460274375 3.61019369584e-24
275.093181863 3.61036661921e-24
275.72754884 3.61054460701e-24
276.363378672 3.61072767406e-24
277.000674732 3.61091583522e-24
277.639440402 3.61110910543e-24
278.279679071 3.6113074997e-24
278.921394135 3.61151103308e-24
279.564588999 3.61171972068e-24
280.209267075 3.6119335777e-24
280.855431783 3.61215261936e-24
281.503086552 3.61237686099e-24
282.152234819 3.61260631794e-24
282.802880026 3.61284100564e-24
283.455025625 3.61308093959e-24
284.108675078 3.61332613534e-24
284.763831851 3.6135766085e-24
285.420499421 3.61383237474e-24
286.078681271 3.61409344982e-24
286.738380893 3.61435984954e-24
287.399601788 3.61463158975e-24
288.062347464 3.61490868639e-24
288.726621435 3.61519115545e-24
289.392427228 3.61547901298e-24
290.059768374 3.61577227511e-24
290.728648414 3.61607095802e-24
291.399070896 3.61637507795e-24
292.071039378 3.6166846512e-24
292.744557424 3.61699969416e-24
293.419628607 3.61732022326e-24
294.09625651 3.617646255e-24
294.774444723 3.61797780595e-24
295.454196842 3.61831489272e-24
296.135516475 3.61865753203e-24
296.818407236 3.61900574062e-24
297.502872749 3.61935953532e-24
298.188916644 3.61971893301e-24
298.876542562 3.62008395065e-24
299.56575415 3.62045460526e-24
300.256555065 3.62083091391e-24
300.948948973 3.62121289376e-24
301.642939546 3.62160056202e-24
302.338530467 3.62199393596e-24
303.035725426 3.62239303293e-24
303.734528122 3.62279787034e-24
304.434942262 3.62320846566e-24
305.136971562 3.62362483643e-24
305.840619748 3.62404700027e-24
306.545890551 3.62447497485e-24
307.252787714 3.6249087779e-24
307.961314988 3.62534842723e-24
308.671476131 3.62579394072e-24
309.383274911 3.6262453363e-24
310.096715104 3.62670263199e-24
310.811800496 3.62716584584e-24
311.52853488 3.62763499601e-24
312.246922059 3.62811010069e-24
312.966965844 3.62859117817e-24
313.688670056 3.62907824679e-24
314.412038524 3.62957132495e-24
315.137075084 3.63007043113e-24
315.863783585 3.63057558388e-24
316.59216788 3.63108680181e-24
317.322231836 3.63160410359e-24
318.053979324 3.63212750798e-24
318.787414228 3.63265703379e-24
319.522540439 3.63319269991e-24
320.259361856 3.63373452529e-24
320.997882388 3.63428252895e-24
321.738105955 3.63483672998e-24
322.480036483 3.63539714754e-24
323.223677909 3.63596380086e-24
323.969034177 3.63653670923e-24
324.716109242 3.63711589203e-24
325.464907069 3.63770136867e-24
326.215431628 3.63829315868e-24
326.967686904 3.63889128161e-24
327.721676885 3.63949575713e-24
328.477405573 3.64010660493e-24
329.234876978 3.6407238448e-24
329.994095117 3.64134749659e-24
330.755064019 3.64197758022e-24
331.517787721 3.64261411569e-24
332.28227027 3.64325712307e-24
333.048515721 3.64390662247e-24
333.81652814 3.64456263411e-24
334.586311602 3.64522517825e-24
335.35787019 3.64589427525e-24
336.131207998 3.64656994551e-24
336.90632913 3.64725220953e-24
337.683237696 3.64794108785e-24
338.461937819 3.64863660111e-24
339.242433631 3.64933877001e-24
340.024729272 3.65004761531e-24
340.808828893 3.65076315786e-24
341.594736654 3.65148541856e-24
342.382456724 3.65221441841e-24
343.171993282 3.65295017846e-24
343.963350518 3.65369271984e-24
344.75653263 3.65444206374e-24
345.551543825 3.65519823144e-24
346.348388323 3.65596124427e-24
347.14707035 3.65673112367e-24
347.947594143 3.65750789111e-24
348.749963951 3.65829156815e-24
349.55418403 3.65908217643e-24
350.360258646 3.65987973765e-24
351.168192077 3.66068427359e-24
351.977988608 3.6614958061e-24
352.789652536 3.66231435711e-24
353.603188167 3.6631399486e-24
354.418599818 3.66397260265e-24
355.235891814 3.6648123414e-24
356.055068492 3.66565918707e-24
356.876134198 3.66651316194e-24
357.699093287 3.66737428837e-24
358.523950126 3.66824258881e-24
359.350709092 3.66911808576e-24
360.17937457 3.6700008018e-24
361.009950956 3.6708907596e-24
361.842442659 3.67178798187e-24
362.676854093 3.67269249143e-24
363.513189687 3.67360431115e-24
364.351453877 3.67452346398e-24
365.19165111 3.67544997296e-24
366.033785845 3.67638386117e-24
366.877862549 3.6773251518e-24
367.7238857 3.6782738681e-24
368.571859787 3.67923003339e-24
369.421789309 3.68019367106e-24
370.273678775 3.6811648046e-24
371.127532704 3.68214345754e-24
371.983355627 3.68312965351e-24
372.841152084 3.68412341621e-24
373.700926627 3.68512476941e-24
374.562683816 3.68613373696e-24
375.426428223 3.68715034277e-24
376.292164432 3.68817461086e-24
377.159897035 3.68920656528e-24
378.029630637 3.6902462302e-24
378.90136985 3.69129362982e-24
379.775119301 3.69234878845e-24
380.650883625 3.69341173048e-24
381.528667468 3.69448248033e-24
382.408475487 3.69556106255e-24
383.29031235 3.69664750173e-24
384.174182736 3.69774182255e-24
385.060091333 3.69884404977e-24
385.948042843 3.69995420821e-24
386.838041975 3.70107232277e-24
387.730093452 3.70219841845e-24
388.624202007 3.70333252029e-24
389.520372383 3.70447465343e-24
390.418609335 3.70562484309e-24
391.318917628 3.70678311454e-24
392.221302039 3.70794949315e-24
393.125767355 3.70912400435e-24
394.032318375 3.71030667368e-24
394.940959908 3.7114975267e-24
395.851696776 3.7126965891e-24
396.76453381 3.71390388662e-24
397.679475854 3.71511944509e-24
398.59652776 3.71634329039e-24
399.515694395 3.71757544851e-24
400.436980636 3.71881594549e-24
401.36039137 3.72006480748e-24
402.285931495 3.72132206066e-24
403.213605924 3.72258773134e-24
404.143419577 3.72386184586e-24
405.075377387 3.72514443067e-24
406.009484299 3.72643551227e-24
406.945745268 3.72773511727e-24
407.884165263 3.72904327233e-24
408.824749261 3.73036000419e-24
409.767502253 3.73168533968e-24
410.712429241 3.73301930571e-24
411.659535238 3.73436192924e-24
412.608825268 3.73571323734e-24
413.560304368 3.73707325714e-24
414.513977586 3.73844201584e-24
415.469849982 3.73981954074e-24
416.427926628 3.74120585921e-24
417.388212605 3.74260099868e-24
418.350713009 3.74400498668e-24
419.315432946 3.74541785081e-24
420.282377535 3.74683961874e-24
421.251551905 3.74827031823e-24
422.222961199 3.7497099771e-24
423.19661057 3.75115862327e-24
424.172505184 3.75261628473e-24
425.150650218 3.75408298955e-24
426.131050863 3.75555876585e-24
427.113712318 3.75704364188e-24
428.098639799 3.75853764591e-24
429.08583853 3.76004080634e-24
430.075313748 3.76155315162e-24
431.067070704 3.76307471028e-24
432.061114659 3.76460551092e-24
433.057450888 3.76614558225e-24
434.056084675 3.76769495302e-24
435.057021319 3.76925365208e-24
436.06026613 3.77082170836e-24
437.065824432 3.77239915085e-24
438.073701559 3.77398600864e-24
439.083902859 3.77558231088e-24
440.09643369 3.7771880868e-24
441.111299425 3.77880336573e-24
442.128505448 3.78042817704e-24
443.148057156 3.78206255022e-24
444.169959958 3.78370651481e-24
445.194219276 3.78536010043e-24
446.220840544 3.78702333679e-24
447.249829208 3.78869625367e-24
448.281190727 3.79037888093e-24
449.314930575 3.7920712485e-24
450.351054234 3.79377338642e-24
451.389567202 3.79548532476e-24
452.43047499 3.79720709371e-24
453.473783118 3.79893872351e-24
454.519497123 3.8006802445e-24
455.567622552 3.80243168707e-24
456.618164967 3.80419308172e-24
457.671129941 3.80596445901e-24
458.726523059 3.80774584957e-24
459.784349923 3.80953728414e-24
460.844616143 3.8113387935e-24
461.907327345 3.81315040854e-24
462.972489167 3.8149721602e-24
464.040107261 3.81680407952e-24
465.11018729 3.81864619761e-24
466.182734932 3.82049854565e-24
467.257755877 3.82236115492e-24
468.335255828 3.82423405675e-24
469.415240503 3.82611728257e-24
470.49771563 3.82801086387e-24
471.582686953 3.82991483224e-24
472.670160229 3.83182921932e-24
473.760141226 3.83375405686e-24
474.852635727 3.83568937667e-24
475.94764953 3.83763521062e-24
477.045188442 3.8395915907e-24
478.145258288 3.84155854894e-24
479.247864903 3.84353611747e-24
480.353014137 3.84552432848e-24
481.460711854 3.84752321426e-24
482.57096393 3.84953280716e-24
483.683776256 3.85155313962e-24
484.799154736 3.85358424413e-24
485.917105287 3.8556261533e-24
487.03763384 3.85767889979e-24
488.160746341 3.85974251633e-24
489.286448748 3.86181703576e-24
490.414747033 3.86390249097e-24
491.545647183 3.86599891493e-24
492.679155197 3.86810634071e-24
493.815277089 3.87022480142e-24
494.954018887 3.87235433028e-24
496.095386633 3.87449496056e-24
497.239386381 3.87664672565e-24
498.386024201 3.87880965896e-24
499.535306176 3.88098379402e-24
500.687238405 3.88316916442e-24
501.841826998 3.88536580384e-24
502.999078082 3.88757374601e-24
504.158997795 3.88979302477e-24
505.321592292 3.89202367401e-24
506.48686774 3.89426572771e-24
507.654830323 3.89651921993e-24
508.825486236 3.8987841848e-24
509.998841691 3.90106065653e-24
511.174902913 3.90334866939e-24
512.35367614 3.90564825776e-24
513.535167628 3.90795945607e-24
514.719383644 3.91028229884e-24
515.906330471 3.91261682065e-24
517.096014407 3.91496305617e-24
518.288441763 3.91732104015e-24
519.483618865 3.91969080741e-24
520.681552055 3.92207239284e-24
521.882247688 3.92446583141e-24
523.085712135 3.92687115817e-24
524.291951779 3.92928840825e-24
525.500973022 3.93171761685e-24
526.712782276 3.93415881924e-24
527.927385972 3.93661205077e-24
529.144790554 3.93907734688e-24
530.36500248 3.94155474306e-24
531.588028223 3.9440442749e-24
532.813874274 3.94654597804e-24
534.042547134 3.94905988822e-24
535.274053324 3.95158604125e-24
536.508399376 3.95412447301e-24
537.74559184 3.95667521944e-24
538.985637279 3.9592383166e-24
540.228542273 3.96181380057e-24
541.474313414 3.96440170754e-24
542.722957314 3.96700207377e-24
543.974480596 3.9696149356e-24
545.2288899 3.97224032942e-24
546.486191881 3.97487829172e-24
547.746393211 3.97752885906e-24
549.009500574 3.98019206807e-24
550.275520673 3.98286795545e-24
551.544460223 3.98555655799e-24
552.816325958 3.98825791253e-24
554.091124625 3.99097205601e-24
555.368862988 3.99369902544e-24
556.649547825 3.99643885788e-24
557.93318593 3.9991915905e-24
559.219784116 4.00195726051e-24
560.509349206 4.00473590523e-24
561.801888043 4.00752756201e-24
563.097407485 4.01033226832e-24
564.395914404 4.01315006168e-24
565.697415691 4.01598097967e-24
567.001918249 4.01882505997e-24
568.309429 4.02168234032e-24
569.619954881 4.02455285854e-24
570.933502844 4.02743665252e-24
572.25007986 4.03033376022e-24
573.569692911 4.03324421968e-24
574.892349001 4.03616806901e-24
576.218055146 4.03910534639e-24
577.546818379 4.04205609007e-24
578.87864575 4.04502033839e-24
580.213544325 4.04799812976e-24
581.551521187 4.05098950263e-24
582.892583433 4.05399449556e-24
584.23673818 4.05701314718e-24
585.583992557 4.06004549617e-24
586.934353713 4.06309158129e-24
588.287828813 4.06615144139e-24
589.644425036 4.06922511538e-24
591.004149581 4.07231264224e-24
592.36700966 4.07541406102e-24
593.733012506 4.07852941084e-24
595.102165364 4.08165873092e-24
596.4744755 4.08480206051e-24
597.849950193 4.08795943896e-24
599.228596741 4.09113090569e-24
600.610422458 4.09431650017e-24
601.995434677 4.09751626197e-24
603.383640744 4.10073023072e-24
604.775048025 4.10395844611e-24
606.169663901 4.10720094792e-24
607.567495773 4.11045777599e-24
608.968551055 4.11372897023e-24
610.372837182 4.11701457064e-24
611.780361603 4.12031461726e-24
613.191131786 4.12362915022e-24
614.605155216 4.12695820972e-24
616.022439395 4.13030183604e-24
617.442991842 4.1336600695e-24
618.866820094 4.13703295053e-24
620.293931704 4.14042051959e-24
621.724334245 4.14382281725e-24
623.158035305 4.14723988412e-24
624.595042491 4.1506717609e-24
626.035363426 4.15411848834e-24
627.479005752 4.15758010729e-24
628.925977129 4.16105665864e-24
630.376285232 4.16454818337e-24
631.829937757 4.16805472252e-24
633.286942416 4.1715763172e-24
634.747306939 4.1751130086e-24
636.211039073 4.17866483796e-24
637.678146585 4.18223184661e-24
639.148637258 4.18581407593e-24
640.622518894 4.1894115674e-24
642.099799312 4.19302436254e-24
643.58048635 4.19665250295e-24
645.064587864 4.2002960303e-24
646.552111727 4.20395498632e-24
648.043065831 4.20762941283e-24
649.537458087 4.2113193517e-24
651.035296423 4.21502484488e-24
652.536588785 4.21874593437e-24
654.04134314 4.22248266227e-24
655.549567469 4.22623507072e-24
657.061269775 4.23000320195e-24
658.576458078 4.23378709824e-24
660.095140417 4.23758680195e-24
661.617324849 4.24140235551e-24
663.14301945 4.24523380142e-24
664.672232314 4.24908118223e-24
666.204971555 4.25294454058e-24
667.741245304 4.25682391916e-24
669.281061712 4.26071936076e-24
670.824428948 4.26463090819e-24
672.371355202 4.26855860437e-24
673.921848678 4.27250249227e-24
675.475917605 4.27646261492e-24
677.033570227 4.28043901544e-24
678.594814807 4.284431737e-24
680.159659629 4.28844082285e-24
681.728112996 4.29246631629e-24
683.300183227 4.29650826071e-24
684.875878665 4.30056669955e-24
686.455207669 4.30464167633e-24
688.038178617 4.30873323462e-24
689.624799908 4.31284141808e-24
691.21507996 4.31696627043e-24
692.80902721 4.32110783544e-24
694.406650115 4.32526615697e-24
696.00795715 4.32944127894e-24
697.612956811 4.33363324533e-24
699.221657614 4.33784210019e-24
700.834068093 4.34206788765e-24
702.450196803 4.34631065189e-24
704.070052319 4.35057043717e-24
705.693643233 4.35484728781e-24
707.320978161 4.35914124819e-24
708.952065735 4.36345236277e-24
710.586914609 4.36778067607e-24
712.225533458 4.37212623268e-24
713.867930974 4.37648907725e-24
715.514115871 4.38086925452e-24
717.164096884 4.38526680926e-24
718.817882765 4.38968178633e-24
720.475482289 4.39411423065e-24
722.13690425 4.39856418722e-24
723.802157463 4.40303170109e-24
725.471250762 4.40751681737e-24
727.144193004 4.41201958127e-24
728.820993063 4.41654003802e-24
730.501659835 4.42107823297e-24
732.186202238 4.42563421148e-24
733.874629209 4.43020801902e-24
735.566949705 4.43479970112e-24
737.263172705 4.43940930334e-24
738.963307209 4.44403687136e-24
740.667362235 4.44868245089e-24
742.375346826 4.45334608771e-24
744.087270041 4.45802782768e-24
745.803140965 4.46272771672e-24
747.522968701 4.46744580081e-24
749.246762372 4.47218212601e-24
750.974531125 4.47693673843e-24
752.706284125 4.48170968426e-24
754.442030561 4.48650100975e-24
756.181779642 4.49131076122e-24
757.925540597 4.49613898504e-24
759.673322679 4.50098572767e-24
761.425135159 4.50585103563e-24
763.180987332 4.5107349555e-24
764.940888514 4.51563753392e-24
766.704848041 4.52055881761e-24
768.472875272 4.52549885336e-24
770.244979588 4.530457688e-24
772.02117039 4.53543536846e-24
773.801457101 4.54043194172e-24
775.585849167 4.54544745481e-24
777.374356055 4.55048195486e-24
779.166987253 4.55553548904e-24
780.963752273 4.56060810461e-24
782.764660646 4.56569984886e-24
784.569721928 4.57081076919e-24
786.378945695 4.57594091303e-24
788.192341546 4.5810903279e-24
790.009919101 4.58625906138e-24
791.831688004 4.59144716111e-24
793.65765792 4.5966546748e-24
795.487838537 4.60188165024e-24
797.322239564 4.60712813526e-24
799.160870734 4.61239417778e-24
801.003741802 4.61767982578e-24
802.850862544 4.62298512731e-24
804.702242761 4.62831013046e-24
806.557892274 4.63365488344e-24
808.41782093 4.63901943447e-24
810.282038595 4.64440383187e-24
812.15055516 4.64980812403e-24
814.023380539 4.65523235939e-24
815.900524668 4.66067658647e-24
817.781997505 4.66614085384e-24
819.667809033 4.67162521015e-24
821.557969256 4.67712970413e-24
823.452488204 4.68265438455e-24
825.351375927 4.68819930027e-24
827.254642499 4.69376450019e-24
829.162298019 4.69935003332e-24
831.074352606 4.7049559487e-24
832.990816407 4.71058229546e-24
834.911699587 4.71622912278e-24
836.837012339 4.72189647992e-24
838.766764876 4.7275844162e-24
840.700967438 4.73329298102e-24
842.639630285 4.73902222384e-24
844.582763704 4.74477219419e-24
846.530378003 4.75054294166e-24
848.482483516 4.75633451592e-24
850.439090599 4.7621469667e-24
852.400209633 4.76798034382e-24
854.365851022 4.77383469713e-24
856.336025195 4.77971007658e-24
858.310742605 4.78560653217e-24
860.290013729 4.79152411399e-24
862.273849067 4.79746287218e-24
864.262259144 4.80342285696e-24
866.25525451 4.80940411861e-24
868.252845738 4.81540670748e-24
870.255043427 4.82143067401e-24
872.2618582 4.82747606867e-24
874.273300702 4.83354294205e-24
876.289381606 4.83963134476e-24
878.310111609 4.84574132751e-24
880.33550143 4.85187294107e-24
882.365561815 4.85802623629e-24
884.400303535 4.86420126407e-24
886.439737385 4.87039807541e-24
888.483874185 4.87661672135e-24
890.53272478 4.88285725303e-24
892.586300041 4.88911972162e-24
894.644610861 4.89540417841e-24
896.707668162 4.90171067472e-24
898.775482889 4.90803926197e-24
900.848066012 4.91438999164e-24
902.925428528 4.92076291527e-24
905.007581458 4.92715808449e-24
907.094535848 4.93357555099e-24
909.186302771 4.94001536654e-24
911.282893325 4.94647758297e-24
913.384318632 4.9529622522e-24
915.490589842 4.95946942622e-24
917.60171813 4.96599915706e-24
919.717714695 4.97255149687e-24
921.838590765 4.97912649784e-24
923.964357591 4.98572421225e-24
926.095026452 4.99234469245e-24
928.230608651 4.99898799084e-24
930.371115519 5.00565415994e-24
932.516558413 5.0123432523e-24
934.666948714 5.01905532056e-24
936.822297831 5.02579041745e-24
938.9826172 5.03254859574e-24
941.147918282 5.03932990831e-24
943.318212565 5.0461344081e-24
945.493511563 5.0529621481e-24
947.673826817 5.05981318142e-24
949.859169895 5.06668756122e-24
952.04955239 5.07358534073e-24
954.244985924 5.08050657327e-24
956.445482145 5.08745131223e-24
958.651052727 5.09441961107e-24
960.861709371 5.10141152334e-24
963.077463807 5.10842710265e-24
965.298327789 5.1154664027e-24
967.5243131 5.12252947726e-24
969.755431551 5.12961638017e-24
971.991694978 5.13672716537e-24
974.233115245 5.14386188685e-24
976.479704244 5.1510205987e-24
978.731473895 5.15820335507e-24
980.988436144 5.1654102102e-24
983.250602965 5.1726412184e-24
985.51798636 5.17989643407e-24
987.790598359 5.18717591167e-24
990.068451018 5.19447970576e-24
992.351556422 5.20180787097e-24
994.639926686 5.20916046201e-24
996.933573948 5.21653753365e-24
999.232510379 5.22393914078e-24
1001.53674817 5.23136533834e-24
1003.84629956 5.23881618136e-24
1006.16117679 5.24629172495e-24
1008.48139214 5.2537920243e-24
1010.80695793 5.26131713468e-24
1013.13788649 5.26886711143e-24
1015.47419019 5.27644201001e-24
1017.81588142 5.28404188592e-24
1020.16297261 5.29166679475e-24
1022.51547621 5.2993167922e-24
1024.8734047 5.30699193402e-24
1027.2367706 5.31469227606e-24
1029.60558643 5.32241787424e-24
1031.97986477 5.33016878459e-24
1034.35961822 5.33794506319e-24
1036.74485939 5.34574676623e-24
1039.13560095 5.35357394996e-24
1041.53185558 5.36142667075e-24
1043.93363599 5.36930498502e-24
1046.34095492 5.37720894929e-24
1048.75382515 5.38513862016e-24
1051.17225947 5.39309405432e-24
1053.59627072 5.40107530856e-24
1056.02587177 5.40908243972e-24
1058.46107549 5.41711550476e-24
1060.90189481 5.42517456072e-24
1063.34834267 5.43325966471e-24
1065.80043207 5.44137087394e-24
1068.258176 5.44950824571e-24
1070.7215875 5.45767183741e-24
1073.19067966 5.4658617065e-24
1075.66546556 5.47407791056e-24
1078.14595833 5.48232050722e-24
1080.63217114 5.49058955424e-24
1083.12411717 5.49888510943e-24
1085.62180965 5.50720723072e-24
1088.12526183 5.51555597612e-24
1090.63448699 5.52393140372e-24
1093.14949844 5.53233357172e-24
1095.67030953 5.5407625384e-24
1098.19693363 5.54921836213e-24
1100.72938414 5.55770110137e-24
1103.2676745 5.56621081468e-24
1105.81181818 5.57474756071e-24
1108.36182867 5.58331139821e-24
1110.9177195 5.591902386e-24
1113.47950424 5.60052058301e-24
1116.04719648 5.60916604827e-24
1118.62080983 5.61783884089e-24
1121.20035796 5.62653902009e-24
1123.78585454 5.63526664515e-24
1126.3773133 5.6440217755e-24
1128.97474798 5.65280447061e-24
1131.57817237 5.66161479009e-24
1134.18760027 5.67045279362e-24
1136.80304553 5.67931854098e-24
1139.42452203 5.68821209206e-24
1142.05204367 5.69713350682e-24
1144.6856244 5.70608284536e-24
1147.32527819 5.71506016783e-24
1149.97101904 5.72406553451e-24
1152.62286099 5.73309900578e-24
1155.2808181 5.74216064209e-24
1157.94490448 5.75125050402e-24
1160.61513427 5.76036865224e-24
1163.29152163 5.76951514751e-24
1165.97408076 5.7786900507e-24
1168.66282589 5.78789342279e-24
1171.35777128 5.79712532484e-24
1174.05893124 5.80638581802e-24
1176.7663201 5.81567496361e-24
1179.47995222 5.82499282298e-24
1182.19984199 5.83433945762e-24
1184.92600385 5.8437149291e-24
1187.65845226 5.85311929912e-24
1190.39720171 5.86255262946e-24
1193.14226674 5.87201498201e-24
1195.89366192 5.88150641877e-24
1198.65140183 5.89102700185e-24
1201.41550111 5.90057679346e-24
1204.18597443 5.91015585591e-24
1206.96283647 5.91976425162e-24
1209.74610199 5.92940204312e-24
1212.53578573 5.93906929305e-24
1215.33190251 5.94876606414e-24
1218.13446715 5.95849241924e-24
1220.94349453 5.96824842132e-24
1223.75899955 5.97803413345e-24
1226.58099714 5.98784961879e-24
1229.40950228 5.99769494063e-24
1232.24452998 6.00757016237e-24
1235.08609527 6.01747534751e-24
1237.93421323 6.02741055968e-24
1240.78889897 6.03737586259e-24
1243.65016765 6.04737132009e-24
1246.51803442 6.05739699613e-24
1249.39251453 6.06745295476e-24
1252.2736232 6.07753926018e-24
1255.16137573 6.08765597666e-24
1258.05578745 6.09780316861e-24
1260.95687369 6.10798090055e-24
1263.86464987 6.11818923711e-24
1266.7791314 6.12842824303e-24
1269.70033374 6.13869798318e-24
1272.6282724 6.14899852254e-24
1275.56296291 6.15932992619e-24
1278.50442084 6.16969225936e-24
1281.45266179 6.18008558737e-24
1284.40770141 6.19050997566e-24
1287.36955537 6.2009654898e-24
1290.3382394 6.21145219548e-24
1293.31376922 6.22197015848e-24
1296.29616065 6.23251944474e-24
1299.28542949 6.24310012028e-24
1302.2815916 6.25371225129e-24
1305.28466289 6.26435590402e-24
1308.29465929 6.2750311449e-24
1311.31159676 6.28573804043e-24
1314.33549131 6.29647665727e-24
1317.36635898 6.30724706219e-24
1320.40421586 6.31804932207e-24
1323.44907806 6.32888350394e-24
1326.50096174 6.33974967492e-24
1329.55988308 6.3506479023e-24
1332.62585832 6.36157825344e-24
1335.69890372 6.37254079587e-24
1338.77903558 6.38353559723e-24
1341.86627026 6.39456272527e-24
1344.96062412 6.4056222479e-24
1348.06211358 6.41671423313e-24
1351.17075511 6.42783874911e-24
1354.28656518 6.43899586412e-24
1357.40956034 6.45018564655e-24
1360.53975714 6.46140816494e-24
1363.67717221 6.47266348795e-24
1366.82182217 6.48395168438e-24
1369.97372373 6.49527282315e-24
1373.13289359 6.50662697331e-24
1376.29934852 6.51801420404e-24
1379.47310533 6.52943458467e-24
1382.65418084 6.54088818464e-24
1385.84259193 6.55237507354e-24
1389.03835552 6.56389532108e-24
1392.24148857 6.5754489971e-24
1395.45200807 6.58703617161e-24
1398.66993105 6.59865691471e-24
1401.89527459 6.61031129665e-24
1405.12805579 6.62199938784e-24
1408.36829181 6.63372125879e-24
1411.61599984 6.64547698016e-24
1414.87119711 6.65726662277e-24
1418.13390089 6.66909025754e-24
1421.40412849 6.68094795556e-24
1424.68189726 6.69283978804e-24
1427.96722459 6.70476582633e-24
1431.26012791 6.71672614193e-24
1434.56062469 6.72872080648e-24
1437.86873244 6.74074989175e-24
1441.18446871 6.75281346965e-24
1444.50785109 6.76491161226e-24
1447.83889722 6.77704439176e-24
1451.17762477 6.78921188051e-24
1454.52405145 6.80141415098e-24
1457.87819501 6.81365127582e-24
1461.24007326 6.8259233278e-24
1464.60970402 6.83823037984e-24
1467.98710518 6.850572505e-24
1471.37229465 6.86294977651e-24
1474.76529039 6.87536226771e-24
1478.1661104 6.88781005212e-24
1481.57477274 6.90029320338e-24
1484.99129547 6.9128117953e-24
1488.41569673 6.92536590183e-24
1491.84799469 6.93795559707e-24
1495.28820755 6.95058095527e-24
1498.73635357 6.96324205082e-24
1502.19245104 6.97593895827e-24
1505.6565183 6.98867175233e-24
1509.12857372 7.00144050784e-24
1512.60863573 7.01424529982e-24
1516.09672279 7.02708620342e-24
1519.5928534 7.03996329394e-24
1523.09704612 7.05287664686e-24
1526.60931953 7.0658263378e-24
1530.12969228 7.07881244252e-24
1533.65818303 7.09183503695e-24
1537.1948105 7.10489419718e-24
1540.73959347 7.11798999946e-24
1544.29255073 7.13112252018e-24
1547.85370114 7.14429183589e-24
1551.42306359 7.15749802331e-24
1555.00065701 7.17074115931e-24
1558.5865004 7.18402132093e-24
1562.18061276 7.19733858536e-24
1565.78301318 7.21069302995e-24
1569.39372076 7.2240847322e-24
1573.01275465 7.23751376981e-24
1576.64013407 7.25098022059e-24
1580.27587826 7.26448416256e-24
1583.92000649 7.27802567386e-24
1587.57253812 7.29160483284e-24
1591.23349251 7.30522171797e-24
1594.90288908 7.31887640791e-24
1598.58074732 7.33256898148e-24
1602.26708672 7.34629951766e-24
1605.96192686 7.36006809561e-24
1609.66528732 7.37387479465e-24
1613.37718775 7.38771969425e-24
1617.09764786 7.40160287407e-24
1620.82668738 7.41552441394e-24
1624.56432609 7.42948439385e-24
1628.31058383 7.44348289395e-24
1632.06548046 7.45751999457e-24
1635.82903592 7.47159577623e-24
1639.60127016 7.48571031959e-24
1643.3822032 7.4998637055e-24
1647.17185511 7.51405601497e-24
1650.97024598 7.52828732919e-24
1654.77739596 7.54255772954e-24
1658.59332527 7.55686729754e-24
1662.41805414 7.57121611492e-24
1666.25160286 7.58560426355e-24
1670.09399177 7.6000318255e-24
1673.94524126 7.61449888302e-24
1677.80537177 7.62900551852e-24
1681.67440376 7.6435518146e-24
1685.55235777 7.65813785403e-24
1689.43925437 7.67276371976e-24
1693.33511419 7.68742949492e-24
1697.23995788 7.70213526283e-24
1701.15380618 7.71688110697e-24
1705.07667984 7.73166711103e-24
1709.00859968 7.74649335884e-24
1712.94958655 7.76135993446e-24
1716.89966137 7.7762669221e-24
1720.8588451 7.79121440616e-24
1724.82715873 7.80620247123e-24
1728.80462332 7.82123120208e-24
1732.79125998 7.83630068366e-24
1736.78708985 7.85141100113e-24
1740.79213413 7.8665622398e-24
1744.80641408 7.88175448519e-24
1748.82995099 7.89698782301e-24
1752.8627662 7.91226233914e-24
1756.90488112 7.92757811966e-24
1760.95631719 7.94293525085e-24
1765.01709589 7.95833381915e-24
1769.08723879 7.97377391123e-24
1773.16676746 7.98925561391e-24
1777.25570356 8.00477901423e-24
1781.35406878 8.02034419941e-24
1785.46188486 8.03595125687e-24
1789.57917359 8.05160027421e-24
1793.70595683 8.06729133925e-24
1797.84225645 8.08302453997e-24
1801.98809442 8.09879996458e-24
1806.14349272 8.11461770145e-24
1810.3084734 8.13047783917e-24
1814.48305855 8.14638046654e-24
1818.66727033 8.16232567251e-24
1822.86113094 8.17831354628e-24
1827.06466262 8.19434417721e-24
1831.27788768 8.21041765489e-24
1835.50082846 8.22653406909e-24
1839.73350738 8.24269350979e-24
1843.97594689 8.25889606715e-24
1848.2281695 8.27514183157e-24
1852.49019777 8.29143089362e-24
1856.7620543 8.30776334408e-24
1861.04376177 8.32413927395e-24
1865.33534289 8.34055877441e-24
1869.63682043 8.35702193687e-24
1873.94821721 8.37352885291e-24
1878.2695561 8.39007961437e-24
1882.60086003 8.40667431323e-24
1886.94215198 8.42331304174e-24
1891.29345499 8.43999589232e-24
1895.65479213 8.4567229576e-24
1900.02618655 8.47349433044e-24
1904.40766143 8.49031010388e-24
1908.79924004 8.50717037121e-24
1913.20094565 8.52407522589e-24
1917.61280164 8.54102476162e-24
1922.03483139 8.5580190723e-24
1926.46705838 8.57505825204e-24
1930.90950612 8.59214239517e-24
1935.36219818 8.60927159624e-24
1939.82515818 8.62644594999e-24
1944.2984098 8.64366555141e-24
1948.78197678 8.66093049568e-24
1953.27588289 8.6782408782e-24
1957.78015198 8.6955967946e-24
1962.29480796 8.71299834072e-24
1966.81987476 8.73044561261e-24
1971.3553764 8.74793870655e-24
1975.90133695 8.76547771904e-24
1980.45778051 8.7830627468e-24
1985.02473127 8.80069388675e-24
1989.60221345 8.81837123607e-24
1994.19025134 8.83609489214e-24
1998.78886928 8.85386495255e-24
2003.39809167 8.87168151513e-24
2008.01794296 8.88954467795e-24
2012.64844766 8.90745453927e-24
2017.28963034 8.92541119759e-24
2021.94151563 8.94341475166e-24
2026.60412819 8.96146530041e-24
2031.27749278 8.97956294303e-24
2035.96163418 8.99770777894e-24
2040.65657725 9.01589990776e-24
2045.36234689 9.03413942938e-24
2050.07896808 9.05242644388e-24
2054.80646582 9.0707610516e-24
2059.54486522 9.08914335309e-24
2064.29419139 9.10757344914e-24
2069.05446956 9.12605144078e-24
2073.82572495 9.14457742927e-24
2078.6079829 9.1631515161e-24
2083.40126878 9.18177380298e-24
2088.20560801 9.20044439189e-24
2093.02102608 9.21916338501e-24
2097.84754854 9.23793088478e-24
2102.68520099 9.25674699386e-24
2107.53400912 9.27561181517e-24
2112.39399863 9.29452545185e-24
2117.26519531 9.31348800727e-24
2122.14762501 9.33249958508e-24
2127.04131363 9.35156028912e-24
2131.94628714 9.3706702235e-24
2136.86257155 9.38982949258e-24
2141.79019294 9.40903820093e-24
2146.72917748 9.42829645339e-24
2151.67955134 9.44760435504e-24
2156.64134081 9.46696201118e-24
2161.6145722 9.4863695274e-24
2166.59927191 9.50582700949e-24
2171.59546636 9.52533456352e-24
2176.60318208 9.54489229578e-24
2181.62244563 9.56450031283e-24
2186.65328365 9.58415872146e-24
2191.69572281 9.60386762872e-24
2196.74978987 9.62362714192e-24
2201.81551165 9.64343736858e-24
2206.89291503 9.66329841653e-24
2211.98202693 9.68321039379e-24
2217.08287437 9.70317340869e-24
2222.1954844 9.72318756976e-24
2227.31988415 9.74325298582e-24
2232.4561008 9.76336976594e-24
2237.60416161 9.78353801942e-24
2242.76409388 9.80375785585e-24
2247.935925 9.82402938505e-24
2253.1196824 9.84435271711e-24
2258.31539359 9.86472796238e-24
2263.52308612 9.88515523145e-24
2268.74278763 9.90563463519e-24
2273.97452582 9.92616628472e-24
2279.21832843 9.94675029143e-24
2284.47422329 9.96738676695e-24
2289.74223829 9.98807582319e-24
2295.02240136 1.00088175723e-23
2300.31474054 1.00296121268e-23
2305.61928389 1.00504595992e-23
2310.93605955 1.00713601027e-23
2316.26509574 1.00923137503e-23
2321.60642073 1.01133206556e-23
2326.96006286 1.01343809324e-23
2332.32605053 1.01554946946e-23
2337.7044122 1.01766620566e-23
2343.09517642 1.01978831329e-23
2348.49837178 1.02191580384e-23
2353.91402695 1.02404868881e-23
2359.34217066 1.02618697974e-23
2364.78283171 1.0283306882e-23
2370.23603897 1.03047982578e-23
2375.70182137 1.0326344041e-23
2381.1802079 1.0347944348e-23
2386.67122763 1.03695992955e-23
2392.1749097 1.03913090007e-23
2397.6912833 1.04130735807e-23
2403.2203777 1.04348931531e-23
2408.76222223 1.04567678358e-23
2414.3168463 1.04786977469e-23
2419.88427938 1.05006830047e-23
2425.46455099 1.05227237281e-23
2431.05769076 1.05448200358e-23
2436.66372835 1.05669720472e-23
2442.28269351 1.05891798818e-23
2447.91461604 1.06114436593e-23
2453.55952583 1.06337635e-23
2459.21745282 1.0656139524e-23
2464.88842703 1.06785718521e-23
2470.57247856 1.07010606052e-23
2476.26963755 1.07236059046e-23
2481.97993424 1.07462078717e-23
2487.70339891 1.07688666283e-23
2493.44006193 1.07915822966e-23
2499.18995375 1.08143549989e-23
2504.95310486 1.08371848578e-23
2510.72954583 1.08600719963e-23
2516.51930733 1.08830165377e-23
2522.32242006 1.09060186055e-23
2528.13891481 1.09290783235e-23
2533.96882244 1.09521958159e-23
2539.81217389 1.0975371207e-23
2545.66900015 1.09986046215e-23
2551.53933229 1.10218961846e-23
2557.42320147 1.10452460214e-23
2563.32063889 1.10686542576e-23
2569.23167585 1.1092121019e-23
2575.1563437 1.11156464319e-23
2581.09467388 1.11392306227e-23
2587.0466979 1.11628737183e-23
2593.01244733 1.11865758457e-23
2598.99195383 1.12103371323e-23
2604.98524911 1.12341577058e-23
2610.99236497 1.12580376943e-23
2617.0133333 1.1281977226e-23
2623.04818602 1.13059764295e-23
2629.09695515 1.13300354337e-23
2635.1596728 1.13541543679e-23
2641.23637112 1.13783333615e-23
2647.32708235 1.14025725445e-23
2653.43183881 1.14268720469e-23
2659.55067288 1.14512319992e-23
2665.68361703 1.14756525322e-23
2671.83070379 1.15001337769e-23
2677.99196579 1.15246758646e-23
2684.1674357 1.15492789272e-23
2690.3571463 1.15739430966e-23
2696.56113041 1.1598668505e-23
2702.77942096 1.16234552852e-23
2709.01205093 1.16483035701e-23
2715.2590534 1.16732134929e-23
2721.5204615 1.16981851873e-23
2727.79630845 1.1723218787e-23
2734.08662756 1.17483144264e-23
2740.39145219 1.177347224e-23
2746.7108158 1.17986923626e-23
2753.0447519 1.18239749294e-23
2759.39329411 1.18493200758e-23
2765.75647611 1.18747279378e-23
2772.13433165 1.19001986513e-23
2778.52689458 1.1925732353e-23
2784.9341988 1.19513291796e-23
2791.35627832 1.19769892681e-23
2797.79316721 1.20027127561e-23
2804.2448996 1.20284997813e-23
2810.71150974 1.20543504818e-23
2817.19303194 1.20802649959e-23
2823.68950057 1.21062434625e-23
2830.20095011 1.21322860207e-23
2836.7274151 1.21583928098e-23
2843.26893017 1.21845639696e-23
2849.82553003 1.22107996401e-23
2856.39724945 1.22370999618e-23
2862.98412331 1.22634650754e-23
2869.58618655 1.22898951219e-23
2876.2034742 1.23163902429e-23
2882.83602136 1.234295058e-23
2889.48386323 1.23695762752e-23
2896.14703507 1.23962674712e-23
2902.82557224 1.24230243105e-23
2909.51951017 1.24498469363e-23
2916.22888436 1.2476735492e-23
2922.95373043 1.25036901215e-23
2929.69408404 1.25307109688e-23
2936.44998096 1.25577981784e-23
2943.22145703 1.25849518951e-23
2950.00854817 1.26121722641e-23
2956.8112904 1.26394594309e-23
2963.6297198 1.26668135412e-23
2970.46387255 1.26942347414e-23
2977.31378492 1.27217231779e-23
2984.17949323 1.27492789977e-23
2991.06103392 1.27769023479e-23
2997.95844349 1.28045933762e-23
3004.87175854 1.28323522305e-23
3011.80101575 1.28601790591e-23
3018.74625188 1.28880740106e-23
3025.70750378 1.29160372341e-23
3032.68480838 1.29440688788e-23
3039.67820269 1.29721690946e-23
3046.68772383 1.30003380314e-23
3053.71340897 1.30285758397e-23
3060.7552954 1.30568826702e-23
3067.81342047 1.30852586742e-23
3074.88782163 1.3113704003e-23
3081.97853642 1.31422188086e-23
3089.08560245 1.31708032432e-23
3096.20905742 1.31994574593e-23
3103.34893914 1.322818161e-23
3110.50528548 1.32569758484e-23
3117.67813441 1.32858403283e-23
3124.86752398 1.33147752038e-23
3132.07349234 1.33437806291e-23
3139.29607772 1.33728567592e-23
3146.53531844 1.34020037491e-23
3153.7912529 1.34312217543e-23
3161.0639196 1.34605109308e-23
3168.35335712 1.34898714348e-23
3175.65960415 1.35193034228e-23
3182.98269943 1.35488070519e-23
3190.32268183 1.35783824795e-23
3197.67959028 1.36080298633e-23
3205.05346383 1.36377493615e-23
3212.44434158 1.36675411324e-23
3219.85226275 1.3697405335e-23
3227.27726664 1.37273421286e-23
3234.71939265 1.37573516727e-23
3242.17868026 1.37874341273e-23
3249.65516904 1.3817589653e-23
3257.14889866 1.38478184103e-23
3264.65990888 1.38781205605e-23
3272.18823955 1.39084962652e-23
3279.7339306 1.39389456861e-23
3287.29702208 1.39694689857e-23
3294.8775541 1.40000663266e-23
3302.47556689 1.40307378719e-23
3310.09110075 1.4061483785e-23
3317.7241961 1.40923042299e-23
3325.37489341 1.41231993707e-23
3333.0432333 1.41541693721e-23
3340.72925643 1.41852143991e-23
3348.4330036 1.42163346171e-23
3356.15451566 1.4247530192e-23
3363.89383359 1.42788012899e-23
3371.65099844 1.43101480774e-23
3379.42605138 1.43415707216e-23
3387.21903365 1.43730693897e-23
3395.02998659 1.44046442497e-23
3402.85895165 1.44362954697e-23
3410.70597037 1.44680232183e-23
3418.57108437 1.44998276645e-23
3426.45433538 1.45317089776e-23
3434.35576523 1.45636673275e-23
3442.27541584 1.45957028843e-23
3450.21332922 1.46278158187e-23
3458.16954749 1.46600063016e-23
3466.14411286 1.46922745045e-23
3474.13706764 1.47246205992e-23
3482.14845423 1.47570447579e-23
3490.17831515 1.47895471533e-23
3498.22669298 1.48221279584e-23
3506.29363043 1.48547873466e-23
3514.37917031 1.48875254918e-23
3522.4833555 1.49203425684e-23
3530.606229 1.4953238751e-23
3538.74783391 1.49862142146e-23
3546.90821342 1.50192691349e-23
3555.08741084 1.50524036878e-23
3563.28546954 1.50856180497e-23
3571.50243303 1.51189123973e-23
3579.7383449 1.51522869078e-23
3587.99324884 1.51857417588e-23
3596.26718866 1.52192771284e-23
3604.56020825 1.52528931951e-23
3612.8723516 1.52865901377e-23
3621.20366282 1.53203681356e-23
3629.5541861 1.53542273684e-23
3637.92396576 1.53881680165e-23
3646.31304619 1.54221902602e-23
3654.7214719 1.54562942808e-23
3663.14928751 1.54904802595e-23
3671.59653773 1.55247483783e-23
3680.06326736 1.55590988196e-23
3688.54952135 1.5593531766e-23
3697.0553447 1.56280474008e-23
3705.58078254 1.56626459075e-23
3714.12588011 1.56973274702e-23
3722.69068273 1.57320922733e-23
3731.27523586 1.57669405019e-23
3739.87958503 1.58018723413e-23
3748.5037759 1.58368879772e-23
3757.14785422 1.58719875959e-23
3765.81186585 1.59071713841e-23
3774.49585675 1.59424395289e-23
3783.199873 1.59777922179e-23
3791.92396079 1.60132296391e-23
3800.66816638 1.60487519809e-23
3809.43253618 1.60843594323e-23
3818.21711668 1.61200521827e-23
3827.0219545 1.61558304217e-23
3835.84709633 1.61916943397e-23
3844.69258902 1.62276441274e-23
3853.55847947 1.62636799759e-23
3862.44481474 1.62998020768e-23
3871.35164196 1.63360106222e-23
3880.27900839 1.63723058047e-23
3889.2269614 1.64086878171e-23
3898.19554846 1.6445156853e-23
3907.18481715 1.64817131061e-23
3916.19481516 1.65183567709e-23
3925.22559029 1.65550880421e-23
3934.27719046 1.65919071151e-23
3943.34966369 1.66288141856e-23
3952.44305811 1.66658094496e-23
3961.55742197 1.6702893104e-23
3970.69280362 1.67400653459e-23
3979.84925153 1.67773263727e-23
3989.02681428 1.68146763827e-23
3998.22554056 1.68521155743e-23
4007.44547917 1.68896441464e-23
4016.68667904 1.69272622987e-23
4025.94918917 1.6964970231e-23
4035.23305873 1.70027681437e-23
4044.53833696 1.70406562377e-23
4053.86507324 1.70786347145e-23
4063.21331704 1.71167037757e-23
4072.58311796 1.71548636238e-23
4081.97452571 1.71931144616e-23
4091.38759012 1.72314564922e-23
4100.82236113 1.72698899196e-23
4110.2788888 1.73084149478e-23
4119.75722329 1.73470317817e-23
4129.25741489 1.73857406264e-23
4138.779514 1.74245416877e-23
4148.32357115 1.74634351716e-23
4157.88963697 1.7502421285e-23
4167.47776221 1.75415002348e-23
4177.08799773 1.75806722288e-23
4186.72039454 1.76199374752e-23
4196.37500372 1.76592961824e-23
4206.05187651 1.76987485597e-23
4215.75106424 1.77382948167e-23
4225.47261837 1.77779351634e-23
4235.21659048 1.78176698105e-23
4244.98303226 1.7857498969e-23
4254.77199553 1.78974228507e-23
4264.58353223 1.79374416675e-23
4274.4176944 1.79775556321e-23
4284.27453423 1.80177649576e-23
4294.15410401 1.80580698575e-23
4304.05645614 1.80984705461e-23
4313.98164318 1.81389672379e-23
4323.92971778 1.8179560148e-23
4333.90073271 1.82202494921e-23
4343.89474088 1.82610354864e-23
4353.9117953 1.83019183473e-23
4363.95194913 1.83428982923e-23
4374.01525564 1.83839755388e-23
4384.1017682 1.84251503051e-23
4394.21154034 1.846642281e-23
4404.34462569 1.85077932725e-23
4414.50107801 1.85492619126e-23
4424.68095119 1.85908289503e-23
4434.88429924 1.86324946065e-23
4445.11117628 1.86742591026e-23
4455.36163658 1.87161226602e-23
4465.63573452 1.87580855018e-23
4475.9335246 1.88001478502e-23
4486.25506147 1.88423099288e-23
4496.60039989 1.88845719616e-23
4506.96959473 1.8926934173e-23
4517.36270101 1.89693967879e-23
4527.77977388 1.90119600318e-23
4538.2208686 1.90546241309e-23
4548.68604056 1.90973893117e-23
4559.17534528 1.91402558012e-23
4569.68883843 1.91832238272e-23
4580.22657577 1.92262936178e-23
4590.78861321 1.92694654017e-23
4601.37500679 1.93127394082e-23
4611.98581267 1.93561158671e-23
4622.62108716 1.93995950087e-23
4633.28088667 1.94431770638e-23
4643.96526776 1.9486862264e-23
4654.67428711 1.95306508412e-23
4665.40800154 1.95745430279e-23
4676.166468 1.96185390571e-23
4686.94974357 1.96626391625e-23
4697.75788545 1.97068435783e-23
4708.59095099 1.97511525391e-23
4719.44899766 1.97955662802e-23
4730.33208307 1.98400850375e-23
4741.24026495 1.98847090473e-23
4752.17360119 1.99294385465e-23
4763.13214979 1.99742737727e-23
4774.11596888 2.00192149639e-23
4785.12511674 2.00642623587e-23
4796.15965178 2.01094161963e-23
4807.21963255 2.01546767164e-23
4818.30511771 2.02000441593e-23
4829.41616609 2.02455187659e-23
4840.55283662 2.02911007776e-23
4851.71518841 2.03367904364e-23
4862.90328067 2.03825879848e-23
4874.11717275 2.04284936661e-23
4885.35692415 2.0474507724e-23
4896.6225945 2.05206304026e-23
4907.91424358 2.05668619469e-23
4919.23193128 2.06132026023e-23
4930.57571766 2.06596526149e-23
4941.9456629 2.07062122311e-23
4953.34182732 2.07528816983e-23
4964.76427138 2.07996612641e-23
4976.21305568 2.08465511769e-23
4987.68824097 2.08935516855e-23
4999.18988812 2.09406630396e-23
5010.71805816 2.09878854892e-23
5022.27281224 2.10352192849e-23
5033.85421168 2.10826646781e-23
5045.46231791 2.11302219206e-23
5057.09719253 2.11778912648e-23
5068.75889725 2.12256729638e-23
5080.44749395 2.12735672713e-23
5092.16304465 2.13215744414e-23
5103.9056115 2.1369694729e-23
5115.67525679 2.14179283896e-23
5127.47204298 2.14662756791e-23
5139.29603265 2.15147368542e-23
5151.14728852 2.15633121721e-23
5163.02587349 2.16120018907e-23
5174.93185056 2.16608062685e-23
5186.8652829 2.17097255644e-23
5198.82623383 2.17587600381e-23
5210.81476681 2.18079099499e-23
5222.83094543 2.18571755607e-23
5234.87483345 2.1906557132e-23
5246.94649477 2.19560549258e-23
5259.04599344 2.2005669205e-23
5271.17339364 2.20554002328e-23
5283.32875971 2.21052482732e-23
5295.51215616 2.21552135907e-23
5307.72364761 2.22052964507e-23
5319.96329885 2.22554971189e-23
5332.23117482 2.23058158617e-23
5344.52734061 2.23562529462e-23
5356.85186145 2.24068086401e-23
5369.20480273 2.24574832117e-23
5381.58622998 2.25082769301e-23
5393.9962089 2.25591900647e-23
5406.43480533 2.26102228858e-23
5418.90208525 2.26613756643e-23
5431.39811482 2.27126486716e-23
5443.92296033 2.27640421798e-23
5456.47668823 2.28155564618e-23
5469.05936512 2.28671917908e-23
5481.67105775 2.29189484411e-23
5494.31183305 2.29708266872e-23
5506.98175807 2.30228268044e-23
5519.68090004 2.30749490688e-23
5532.40932632 2.3127193757e-23
5545.16710446 2.31795611462e-23
5557.95430212 2.32320515143e-23
5570.77098716 2.328466514e-23
5583.61722758 2.33374023025e-23
5596.49309152 2.33902632816e-23
5609.3986473 2.34432483578e-23
5622.3339634 2.34963578125e-23
5635.29910843 2.35495919273e-23
5648.29415118 2.36029509848e-23
5661.31916061 2.36564352683e-23
5674.3742058 2.37100450615e-23
5687.45935603 2.37637806489e-23
5700.57468071 2.38176423157e-23
5713.72024944 2.38716303478e-23
5726.89613194 2.39257450316e-23
5740.10239813 2.39799866543e-23
5753.33911807 2.40343555038e-23
5766.60636199 2.40888518685e-23
5779.90420027 2.41434760378e-23
5793.23270347 2.41982283014e-23
5806.5919423 2.425310895e-23
5819.98198764 2.43081182747e-23
5833.40291053 2.43632565675e-23
5846.85478216 2.44185241209e-23
5860.33767391 2.44739212283e-23
5873.85165732 2.45294481837e-23
5887.39680407 2.45851052816e-23
5900.97318604 2.46408928175e-23
5914.58087524 2.46968110873e-23
5928.21994388 2.47528603879e-23
5941.89046432 2.48090410166e-23
5955.59250908 2.48653532715e-23
5969.32615086 2.49217974516e-23
5983.09146253 2.49783738562e-23
5996.88851711 2.50350827857e-23
6010.7173878 2.50919245409e-23
6024.57814797 2.51488994235e-23
6038.47087116 2.52060077358e-23
6052.39563108 2.52632497808e-23
6066.3525016 2.53206258624e-23
6080.34155677 2.53781362848e-23
6094.36287081 2.54357813535e-23
6108.4165181 2.54935613741e-23
6122.50257321 2.55514766533e-23
6136.62111088 2.56095274985e-23
6150.772206 2.56677142176e-23
6164.95593365 2.57260371194e-23
6179.17236908 2.57844965135e-23
6193.42158773 2.58430927099e-23
6207.70366518 2.59018260196e-23
6222.01867721 2.59606967544e-23
6236.36669977 2.60197052264e-23
6250.74780898 2.6078851749e-23
6265.16208114 2.61381366358e-23
6279.60959271 2.61975602016e-23
6294.09042036 2.62571227615e-23
6308.60464091 2.63168246317e-23
6323.15233136 2.63766661289e-23
6337.7335689 2.64366475707e-23
6352.34843088 2.64967692752e-23
6366.99699485 2.65570315617e-23
6381.67933851 2.66174347497e-23
6396.39553977 2.66779791598e-23
6411.14567671 2.67386651133e-23
6425.92982757 2.67994929321e-23
6440.7480708 2.68604629391e-23
6455.60048501 2.69215754577e-23
6470.487149 2.69828308121e-23
6485.40814175 2.70442293275e-23
6500.36354243 2.71057713295e-23
6515.35343037 2.71674571448e-23
6530.37788511 2.72292871006e-23
6545.43698635 2.72912615251e-23
6560.530814 2.73533807469e-23
6575.65944813 2.74156450958e-23
6590.822969 2.74780549021e-23
6606.02145708 2.7540610497e-23
6621.25499298 2.76033122124e-23
6636.52365753 2.76661603808e-23
6651.82753173 2.7729155336e-23
6667.16669679 2.7792297412e-23
6682.54123408 2.78555869438e-23
6697.95122517 2.79190242674e-23
6713.39675182 2.79826097193e-23
6728.87789596 2.80463436368e-23
6744.39473975 2.81102263582e-23
6759.9473655 2.81742582224e-23
6775.53585572 2.82384395691e-23
6791.16029311 2.83027707388e-23
6806.82076058 2.8367252073e-23
6822.51734121 2.84318839136e-23
6838.25011827 2.84966666037e-23
6854.01917523 2.8561600487e-23
6869.82459576 2.86266859079e-23
6885.66646372 2.86919232119e-23
6901.54486314 2.8757312745e-23
6917.45987827 2.88228548542e-23
6933.41159354 2.88885498873e-23
6949.40009359 2.89543981927e-23
6965.42546325 2.902040012e-23
6981.48778753 2.90865560192e-23
6997.58715166 2.91528662414e-23
7013.72364104 2.92193311384e-23
7029.89734128 2.92859510628e-23
7046.10833821 2.93527263682e-23
7062.35671782 2.94196574087e-23
7078.64256631 2.94867445396e-23
7094.96597009 2.95539881167e-23
7111.32701577 2.96213884968e-23
7127.72579015 2.96889460376e-23
7144.16238022 2.97566610975e-23
7160.6368732 2.98245340357e-23
7177.14935648 2.98925652124e-23
7193.69991768 2.99607549884e-23
7210.28864459 3.00291037257e-23
7226.91562524 3.00976117868e-23
7243.58094783 3.01662795353e-23
7260.28470078 3.02351073353e-23
7277.02697271 3.03040955522e-23
7293.80785245 3.03732445519e-23
7310.62742903 3.04425547014e-23
7327.48579168 3.05120263682e-23
7344.38302984 3.05816599212e-23
7361.31923316 3.06514557296e-23
7378.2944915 3.07214141638e-23
7395.30889491 3.07915355949e-23
7412.36253367 3.08618203951e-23
7429.45549824 3.09322689371e-23
7446.58787933 3.10028815949e-23
7463.75976781 3.10736587429e-23
7480.9712548 3.11446007568e-23
7498.22243162 3.12157080129e-23
7515.51338977 3.12869808884e-23
7532.84422101 3.13584197616e-23
7550.21501728 3.14300250114e-23
7567.62587073 3.15017970178e-23
7585.07687375 3.15737361614e-23
7602.56811891 3.16458428241e-23
7620.09969902 3.17181173884e-23
7637.67170709 3.17905602377e-23
7655.28423634 3.18631717564e-23
7672.93738022 3.19359523297e-23
7690.63123238 3.20089023437e-23
7708.3658867 3.20820221855e-23
7726.14143727 3.21553122431e-23
7743.95797839 3.22287729052e-23
7761.81560459 3.23024045616e-23
7779.71441062 3.2376207603e-23
7797.65449143 3.2450182421e-23
7815.6359422 3.25243294079e-23
7833.65885833 3.25986489572e-23
7851.72333545 3.26731414632e-23
7869.82946939 3.27478073211e-23
7887.97735621 3.28226469271e-23
7906.1670922 3.28976606782e-23
7924.39877386 3.29728489723e-23
7942.67249791 3.30482122084e-23
7960.98836132 3.31237507864e-23
7979.34646124 3.3199465107e-23
7997.74689508 3.32753555718e-23
8016.18976046 3.33514225836e-23
8034.67515523 3.34276665459e-23
8053.20317746 3.35040878632e-23
8071.77392546 3.35806869409e-23
8090.38749774 3.36574641855e-23
8109.04399305 3.37344200043e-23
8127.74351039 3.38115548056e-23
8146.48614896 3.38888689985e-23
8165.2720082 3.39663629934e-23
8184.10118777 3.40440372012e-23
8202.97378758 3.41218920342e-23
8221.88990774 3.41999279054e-23
8240.84964862 3.42781452287e-23
8259.85311081 3.43565444193e-23
8278.90039512 3.44351258929e-23
8297.99160262 3.45138900665e-23
8317.12683459 3.4592837358e-23
8336.30619255 3.46719681862e-23
8355.52977826 3.4751282971e-23
8374.7976937 3.48307821332e-23
8394.1100411 3.49104660945e-23
8413.46692292 3.49903352776e-23
8432.86844186 3.50703901064e-23
8452.31470085 3.51506310055e-23
8471.80580306 3.52310584006e-23
8491.3418519 3.53116727186e-23
8510.92295102 3.53924743869e-23
8530.54920431 3.54734638344e-23
8550.22071588 3.55546414907e-23
8569.93759011 3.56360077864e-23
8589.6999316 3.57175631533e-23
8609.50784521 3.57993080241e-23
8629.36143601 3.58812428324e-23
8649.26080934 3.59633680129e-23
8669.20607078 3.60456840014e-23
8689.19732615 3.61281912345e-23
8709.2346815 3.621089015e-23
8729.31824315 3.62937811866e-23
8749.44811765 3.63768647841e-23
8769.62441179 3.64601413833e-23
8789.84723261 3.65436114259e-23
8810.11668742 3.6627275355e-23
8830.43288374 3.67111336142e-23
8850.79592937 3.67951866485e-23
8871.20593234 3.68794349039e-23
8891.66300092 3.69638788272e-23
8912.16724367 3.70485188666e-23
8932.71876935 3.7133355471e-23
8953.31768701 3.72183890905e-23
8973.96410594 3.73036201764e-23
8994.65813566 3.73890491806e-23
9015.39988597 3.74746765566e-23
9036.18946692 3.75605027585e-23
9057.02698879 3.76465282417e-23
9077.91256216 3.77327534627e-23
9098.84629781 3.78191788788e-23
9119.82830682 3.79058049485e-23
9140.8587005 3.79926321315e-23
9161.93759043 3.80796608884e-23
9183.06508844 3.81668916809e-23
9204.24130663 3.82543249719e-23
9225.46635733 3.83419612251e-23
9246.74035316 3.84298009055e-23
9268.06340699 3.85178444791e-23
9289.43563195 3.86060924131e-23
9310.85714142 3.86945451755e-23
9332.32804905 3.87832032358e-23
9353.84846876 3.88720670642e-23
9375.41851472 3.89611371322e-23
9397.03830137 3.90504139124e-23
9418.70794342 3.91398978783e-23
9440.42755582 3.92295895048e-23
9462.19725382 3.93194892676e-23
9484.0171529 3.94095976438e-23
9505.88736884 3.94999151113e-23
9527.80801767 3.95904421494e-23
9549.77921568 3.96811792383e-23
9571.80107944 3.97721268594e-23
9593.87372578 3.98632854952e-23
9615.99727182 3.99546556293e-23
9638.17183492 4.00462377465e-23
9660.39753274 4.01380323327e-23
9682.67448318 4.02300398749e-23
9705.00280444 4.03222608611e-23
9727.38261498 4.04146957807e-23
9749.81403353 4.0507345124e-23
9772.29717911 4.06002093826e-23
9794.83217099 4.06932890492e-23
9817.41912873 4.07865846175e-23
9840.05817217 4.08800965826e-23
9862.74942142 4.09738254405e-23
9885.49299687 4.10677716886e-23
9908.28901917 4.11619358251e-23
9931.13760927 4.12563183498e-23
9954.03888839 4.13509197632e-23
9976.99297804 4.14457405674e-23
10000.0 4.15407812654e-23
