1.000000000000000082e-05 0.000000000000000000e+00
7.016996996996997284e-03 0.000000000000000000e+00
1.402399399399399497e-02 0.000000000000000000e+00
2.103099099099099353e-02 0.000000000000000000e+00
2.803798798798799036e-02 0.000000000000000000e+00
3.504498498498499065e-02 0.000000000000000000e+00
4.205198198198199094e-02 0.000000000000000000e+00
4.905897897897898430e-02 0.000000000000000000e+00
5.606597597597598459e-02 0.000000000000000000e+00
6.307297297297297101e-02 0.000000000000000000e+00
7.007996996996997130e-02 0.000000000000000000e+00
7.708696696696697159e-02 0.000000000000000000e+00
8.409396396396397189e-02 0.000000000000000000e+00
9.110096096096097218e-02 0.000000000000000000e+00
9.810795795795795859e-02 0.000000000000000000e+00
1.051149549549549589e-01 0.000000000000000000e+00
1.121219519519519592e-01 8.195449416316639541e-295
1.191289489489489595e-01 1.521618030465085754e-256
1.261359459459459598e-01 8.614306128177396532e-225
1.331429429429429601e-01 3.470989356533738660e-198
1.401499399399399604e-01 1.066670555239669444e-175
1.471569369369369606e-01 1.531056280596238761e-156
1.541639339339339609e-01 4.176041003772924208e-140
1.611709309309309612e-01 6.500653825540349842e-126
1.681779279279279615e-01 1.380296793926720229e-113
1.751849249249249618e-01 8.028195953486814839e-103
1.821919219219219621e-01 2.246076465374967342e-93
1.891989189189189347e-01 4.781059523434576942e-85
1.962059159159159349e-01 1.128070639503569928e-77
2.032129129129129352e-01 4.026567086700037869e-71
2.102199099099099355e-01 2.816489912576691081e-65
2.172269069069069358e-01 4.794544878307073039e-60
2.242339039039039361e-01 2.383858552702992260e-55
2.312409009009009364e-01 4.039987559416144935e-51
2.382478978978979367e-01 2.661430139309762944e-47
2.452548948948949370e-01 7.625591075628664415e-44
2.522618918918919095e-01 1.046525630217479575e-40
2.592688888888889376e-01 7.476020741354385759e-38
2.662758858858859101e-01 2.987523787192713732e-35
2.732828828828829382e-01 7.109693062563290046e-33
2.802898798798799107e-01 1.064119462641086268e-30
2.872968768768769388e-01 1.050676181132298855e-28
2.943038738738739113e-01 7.136594394718311505e-27
3.013108708708708838e-01 3.460074105813017966e-25
3.083178678678679119e-01 1.237102107713503837e-23
3.153248648648648844e-01 3.357249486045724206e-22
3.223318618618619125e-01 7.094884258745942775e-21
3.293388588588588850e-01 1.194517504891751133e-19
3.363458558558559131e-01 1.635155358930366407e-18
3.433528528528528856e-01 1.853291921963177760e-17
3.503598498498499136e-01 1.767769369842388888e-16
3.573668468468468862e-01 1.439995693051717993e-15
3.643738438438439142e-01 1.015011087435394285e-14
3.713808408408408868e-01 6.264864030733059908e-14
3.783878378378378593e-01 3.422489984729589146e-13
3.853948348348348873e-01 1.671004907376690528e-12
3.924018318318318599e-01 7.355958002905614626e-12
3.994088288288288879e-01 2.943038805046413057e-11
4.064158258258258605e-01 1.077960668173840242e-10
4.134228228228228885e-01 3.638593642496529241e-10
4.204298198198198611e-01 1.138699232693419074e-09
4.274368168168168891e-01 3.322183579361926961e-09
4.344438138138138616e-01 9.081707100483003134e-09
4.414508108108108897e-01 2.336935282580972816e-08
4.484578078078078622e-01 5.684614957595884880e-08
4.554648048048048348e-01 1.312260629726697972e-07
4.624718018018018628e-01 2.885075297261205463e-07
4.694787987987988354e-01 6.060968339793072607e-07
4.764857957957958634e-01 1.220372138193979162e-06
4.834927927927928359e-01 2.361693235483099209e-06
4.904997897897898640e-01 4.404110267423950132e-06
4.975067867867868365e-01 7.932939815661801247e-06
5.045137837837837536e-01 1.383285342615124999e-05
5.115207807807807816e-01 2.339810132384584064e-05
5.185277777777778097e-01 3.846497814408108868e-05
5.255347747747747267e-01 6.156470947794664300e-05
5.325417717717717547e-01 9.609275270998995997e-05
5.395487687687687828e-01 1.464882746104565641e-04
5.465557657657658108e-01 2.184155325825947130e-04
5.535627627627627279e-01 3.189372841100916668e-04
5.605697597597597559e-01 4.566693814082518118e-04
5.675767567567567840e-01 6.419055140363115778e-04
5.745837537537538120e-01 8.867016994762356606e-04
5.815907507507507290e-01 1.204911562978757279e-03
5.885977477477477571e-01 1.612165586442827932e-03
5.956047447447447851e-01 2.125790171168429488e-03
6.026117417417417021e-01 2.764665338812513553e-03
6.096187387387387302e-01 3.549022959631992994e-03
6.166257357357357582e-01 4.500190324827612991e-03
6.236327327327327863e-01 5.640286475277588550e-03
6.306397297297297033e-01 6.991880808755768749e-03
6.376467267267267314e-01 8.577625008813911586e-03
6.446537237237237594e-01 1.041987022062567693e-02
6.516607207207207875e-01 1.254028164198095832e-02
6.586677177177177045e-01 1.495946234415622758e-02
6.656747147147147325e-01 1.769659726414693837e-02
6.726817117117117606e-01 2.076912701637536121e-02
6.796887087087086776e-01 2.419245957059368984e-02
6.866957057057057057e-01 2.797972604820133172e-02
6.937027027027027337e-01 3.214158501125597561e-02
7.007096996996997618e-01 3.668607775534778181e-02
7.077166966966966788e-01 4.161853535195443599e-02
7.147236936936937068e-01 4.694153658285622754e-02
7.217306906906907349e-01 5.265491451522043981e-02
7.287376876876877629e-01 5.875580830994821258e-02
7.357446846846846800e-01 6.523875595069096589e-02
7.427516816816817080e-01 7.209582292579301555e-02
7.497586786786787361e-01 7.931676147844089753e-02
7.567656756756756531e-01 8.688919484133170168e-02
7.637726726726726811e-01 9.479882086529660412e-02
7.707796696696697092e-01 1.030296296072707313e-01
7.777866666666667372e-01 1.115641297311794344e-01
7.847936636636636543e-01 1.203835789653935201e-01
7.918006606606606823e-01 1.294682143236957073e-01
7.988076576576577104e-01 1.387974783069472473e-01
8.058146546546547384e-01 1.483502378367365371e-01
8.128216516516516554e-01 1.581049932104749145e-01
8.198286486486486835e-01 1.680400748934591515e-01
8.268356456456457115e-01 1.781338264645032088e-01
8.338426426426426286e-01 1.883647724982316918e-01
8.408496396396396566e-01 1.987117705922708810e-01
8.478566366366366847e-01 2.091541471271692598e-01
8.548636336336337127e-01 2.196718166789105864e-01
8.618706306306306297e-01 2.302453852880547158e-01
8.688776276276276578e-01 2.408562380270727887e-01
8.758846246246246858e-01 2.514866115005613412e-01
8.828916216216217139e-01 2.621196520648115813e-01
8.898986186186186309e-01 2.727394606672274846e-01
8.969056156156156590e-01 2.833311252862893981e-01
9.039126126126126870e-01 2.938807420031139261e-01
9.109196096096096040e-01 3.043754257602527824e-01
9.179266066066066321e-01 3.148033118660522045e-01
9.249336036036036601e-01 3.251535492873635080e-01
9.319406006006006882e-01 3.354162867430821038e-01
9.389475975975976052e-01 3.455826525689877915e-01
9.459545945945946333e-01 3.556447292734828403e-01
9.529615915915916613e-01 3.655955236465108227e-01
9.599685885885886893e-01 3.754289332223598175e-01
9.669755855855856064e-01 3.851397098330039404e-01
9.739825825825826344e-01 3.947234209236828439e-01
9.809895795795796625e-01 4.041764092378087314e-01
9.879965765765765795e-01 4.134957514150731650e-01
9.950035735735736075e-01 4.226792159855814468e-01
1.002010570570570636e+00 4.317252211846070997e-01
1.009017567567567664e+00 4.406327929575908353e-01
1.016024564564564692e+00 4.494015234735763697e-01
1.023031561561561720e+00 4.580315304176141855e-01
1.030038558558558748e+00 4.665234172888228503e-01
1.037045555555555776e+00 4.748782348907987227e-01
1.044052552552552804e+00 4.830974441648335782e-01
1.051059549549549610e+00 4.911828804838360707e-01
1.058066546546546638e+00 4.991367194957818665e-01
1.065073543543543666e+00 5.069614445797956392e-01
1.072080540540540694e+00 5.146598159553135154e-01
1.079087537537537722e+00 5.222348414651052373e-01
1.086094534534534750e+00 5.296897490358634109e-01
1.093101531531531778e+00 5.370279608055337217e-01
1.100108528528528806e+00 5.442530688942126549e-01
1.107115525525525612e+00 5.513688127851712473e-01
1.114122522522522640e+00 5.583790582740925101e-01
1.121129519519519668e+00 5.652877779377795120e-01
1.128136516516516696e+00 5.720990330682234060e-01
1.135143513513513724e+00 5.788169570138363973e-01
1.142150510510510752e+00 5.854457398666585988e-01
1.149157507507507781e+00 5.919896144323955056e-01
1.156164504504504587e+00 5.984528434189693158e-01
1.163171501501501615e+00 6.048397077788689735e-01
1.170178498498498643e+00 6.111544961407735510e-01
1.177185495495495671e+00 6.174014952666466716e-01
1.184192492492492699e+00 6.235849814716464268e-01
1.191199489489489727e+00 6.297092129457011467e-01
1.198206486486486755e+00 6.357784229173755186e-01
1.205213483483483561e+00 6.417968136026793724e-01
1.212220480480480589e+00 6.477685508836307227e-01
1.219227477477477617e+00 6.536977596637005838e-01
1.226234474474474645e+00 6.595885198496445057e-01
1.233241471471471673e+00 6.654448629116781477e-01
1.240248468468468701e+00 6.712707689763826036e-01
1.247255465465465729e+00 6.770701644092085303e-01
1.254262462462462757e+00 6.828469198458595457e-01
1.261269459459459563e+00 6.886048486342186692e-01
1.268276456456456591e+00 6.943477056508292611e-01
1.275283453453453619e+00 7.000791864581811241e-01
1.282290450450450647e+00 7.058029267712734312e-01
1.289297447447447675e+00 7.115225022039990410e-01
1.296304444444444703e+00 7.172414282679397957e-01
1.303311441441441731e+00 7.229631605980854081e-01
1.310318438438438537e+00 7.286910953818270809e-01
1.317325435435435566e+00 7.344285699693161584e-01
1.324332432432432594e+00 7.401788636449525560e-01
1.331339429429429622e+00 7.459451985413059205e-01
1.338346426426426650e+00 7.517307406782653967e-01
1.345353423423423678e+00 7.575386011115873286e-01
1.352360420420420706e+00 7.633718371763174027e-01
1.359367417417417512e+00 7.692334538117793219e-01
1.366374414414414540e+00 7.751264049559576375e-01
1.373381411411411568e+00 7.810535949981747272e-01
1.380388408408408596e+00 7.870178802799439044e-01
1.387395405405405624e+00 7.930220706348021231e-01
1.394402402402402652e+00 7.990689309587932776e-01
1.401409399399399680e+00 8.051611828040478036e-01
1.408416396396396708e+00 8.113015059886573566e-01
1.415423393393393514e+00 8.174925402167073640e-01
1.422430390390390542e+00 8.237368867029746244e-01
1.429437387387387570e+00 8.300371097973566759e-01
1.436444384384384598e+00 8.363957386046406706e-01
1.443451381381381626e+00 8.428152685957195356e-01
1.450458378378378654e+00 8.492981632067837516e-01
1.457465375375375682e+00 8.558468554234638370e-01
1.464472372372372488e+00 8.624637493472477878e-01
1.471479369369369516e+00 8.691512217418443376e-01
1.478486366366366545e+00 8.759116235574999632e-01
1.485493363363363573e+00 8.827472814315362459e-01
1.492500360360360601e+00 8.896604991636364312e-01
1.499507357357357629e+00 8.966535591646719316e-01
1.506514354354354657e+00 9.037287238780364884e-01
1.513521351351351463e+00 9.108882371726755300e-01
1.520528348348348491e+00 9.181343257071530317e-01
1.527535345345345519e+00 9.254692002642785909e-01
1.534542342342342547e+00 9.328950570559204625e-01
1.541549339339339575e+00 9.404140789977998294e-01
1.548556336336336603e+00 9.480284369541367440e-01
1.555563333333333631e+00 9.557402909521320877e-01
1.562570330330330659e+00 9.635517913663688150e-01
1.569577327327327465e+00 9.714650800732697045e-01
1.576584324324324493e+00 9.794822915758357729e-01
1.583591321321321521e+00 9.876055540989379100e-01
1.590598318318318549e+00 9.958369906554970230e-01
1.597605315315315577e+00 1.004178720083916065e+00
1.604612312312312605e+00 1.012632858057180840e+00
1.611619309309309633e+00 1.021201518064065228e+00
1.618626306306306439e+00 1.029886812362905912e+00
1.625633303303303467e+00 1.038690852908419116e+00
1.632640300300300495e+00 1.047615752251998877e+00
1.639647297297297523e+00 1.056663624415853153e+00
1.646654294294294552e+00 1.065836585740951525e+00
1.653661291291291580e+00 1.075136755707832181e+00
1.660668288288288608e+00 1.084566257726741201e+00
1.667675285285285414e+00 1.094127219887116365e+00
1.674682282282282442e+00 1.103821775640871916e+00
1.681689279279279470e+00 1.113652064357945060e+00
1.688696276276276498e+00 1.123620231613015719e+00
1.695703273273273526e+00 1.133728428893768569e+00
1.702710270270270554e+00 1.143978812079343044e+00
1.709717267267267582e+00 1.154373537373982073e+00
1.716724264264264610e+00 1.164914752147806931e+00
1.723731261261261416e+00 1.175604575945123909e+00
1.730738258258258444e+00 1.186445063199755179e+00
1.737745255255255472e+00 1.197438133170139585e+00
1.744752252252252500e+00 1.208585443316684715e+00
1.751759249249249528e+00 1.219888168759328151e+00
1.758766246246246556e+00 1.231346631708014616e+00
1.765773243243243584e+00 1.242959700546951929e+00
1.772780240240240390e+00 1.254723849387165968e+00
1.779787237237237418e+00 1.266631737971541050e+00
1.786794234234234446e+00 1.278670143817401295e+00
1.793801231231231474e+00 1.290817061186492198e+00
1.800808228228228502e+00 1.303037785268040594e+00
1.807815225225225531e+00 1.315279836873844310e+00
1.814822222222222559e+00 1.327466664673284225e+00
1.821829219219219365e+00 1.339490196987634496e+00
1.828836216216216393e+00 1.351202505072400584e+00
1.835843213213213421e+00 1.362407076032303266e+00
1.842850210210210449e+00 1.372850454696210809e+00
1.849857207207207477e+00 1.382215265447932051e+00
1.856864204204204505e+00 1.390115822020862701e+00
1.863871201201201533e+00 1.396097625526331543e+00
1.870878198198198339e+00 1.399641991984911460e+00
1.877885195195195367e+00 1.400176807537457213e+00
1.884892192192192395e+00 1.397093972895528724e+00
1.891899189189189423e+00 1.389773489443024257e+00
1.898906186186186451e+00 1.377613411390959497e+00
1.905913183183183479e+00 1.360064123996883589e+00
1.912920180180180507e+00 1.336664708304388327e+00
1.919927177177177535e+00 1.307078623083457458e+00
1.926934174174174341e+00 1.271125665951548411e+00
1.933941171171171369e+00 1.228807229181074767e+00
1.940948168168168397e+00 1.180322260202191220e+00
1.947955165165165425e+00 1.126072043201999273e+00
1.954962162162162453e+00 1.066652862241383781e+00
1.961969159159159481e+00 1.002836678946128268e+00
1.968976156156156510e+00 9.355410316012208183e-01
1.975983153153153316e+00 8.657903105766098228e-01
1.982990150150150344e+00 7.946712798201823746e-01
1.989997147147147372e+00 7.232861219568326172e-01
1.997004144144144400e+00 6.527063541447254424e-01
2.004011141141141206e+00 5.839307061132080756e-01
2.011018138138138234e+00 5.178495223883224918e-01
2.018025135135135262e+00 4.552175275543526300e-01
2.025032132132132290e+00 3.966359712717548169e-01
2.032039129129129318e+00 3.425443442493755208e-01
2.039046126126126346e+00 2.932211115363855258e-01
2.046053123123123374e+00 2.487923089821976741e-01
2.053060120120120402e+00 2.092464308616850954e-01
2.060067117117117430e+00 1.744538139152843337e-01
2.067074114114114458e+00 1.441886848275371058e-01
2.074081111111111486e+00 1.181521562272924153e-01
2.081088108108108514e+00 9.599469134793538194e-02
2.088095105105105542e+00 7.733686586497585946e-02
2.095102102102102570e+00 6.178759489979240155e-02
2.102109099099099154e+00 4.895932732969757867e-02
2.109116096096096182e+00 3.848001046875434289e-02
2.116123093093093210e+00 3.000187752666595015e-02
2.123130090090090238e+00 2.320729888701968113e-02
2.130137087087087266e+00 1.781206495965495865e-02
2.137144084084084295e+00 1.356653798219144801e-02
2.144151081081081323e+00 1.025513147810866270e-02
2.151158078078078351e+00 7.694559961291905573e-03
2.158165075075075379e+00 5.731259151759009705e-03
2.165172072072072407e+00 4.238318869230935093e-03
2.172179069069069435e+00 3.112205753052608818e-03
2.179186066066066463e+00 2.269487909317033283e-03
2.186193063063063491e+00 1.643713374954776417e-03
2.193200060060060519e+00 1.182541919119844747e-03
2.200207057057057547e+00 8.451866187027146527e-04
2.207214054054054131e+00 6.001880907988140857e-04
2.214221051051051159e+00 4.235196451220082448e-04
2.221228048048048187e+00 2.970048239652570989e-04
2.228235045045045215e+00 2.070184680479938923e-04
2.235242042042042243e+00 1.434371760673309104e-04
2.242249039039039271e+00 9.880349337442774754e-05
2.249256036036036299e+00 6.766921781924116507e-05
2.256263033033033327e+00 4.608589994915311227e-05
2.263270030030030355e+00 3.121420202291143710e-05
2.270277027027027383e+00 2.102772225599696732e-05
2.277284024024024411e+00 1.409081202192533281e-05
2.284291021021021439e+00 9.393575632968733643e-06
2.291298018018018468e+00 6.230511030698385747e-06
2.298305015015015496e+00 4.112067771544376285e-06
2.305312012012012524e+00 2.700760737441541571e-06
2.312319009009009108e+00 1.765411485263151025e-06
2.319326006006006136e+00 1.148639771577646887e-06
2.326333003003003164e+00 7.439491217747206615e-07
2.333340000000000192e+00 4.796968477683378010e-07
2.340346996996997220e+00 3.079617929929700023e-07
2.347353993993994248e+00 1.968677635212623290e-07
2.354360990990991276e+00 1.253259382899606663e-07
2.361367987987988304e+00 7.945771267187886541e-08
2.368374984984985332e+00 5.017638798706267358e-08
2.375381981981982360e+00 3.156238686040334143e-08
2.382388978978979388e+00 1.977814807151464533e-08
2.389395975975976416e+00 1.234765132562257342e-08
2.396402972972973444e+00 7.680739305012812817e-09
2.403409969969970472e+00 4.760778746821607495e-09
2.410416966966967056e+00 2.940661551940365679e-09
2.417423963963964084e+00 1.810253202591467126e-09
2.424430960960961112e+00 1.110696527977443676e-09
2.431437957957958140e+00 6.792776101826390582e-10
2.438444954954955168e+00 4.141220843151774767e-10
2.445451951951952196e+00 2.516932263313750933e-10
2.452458948948949224e+00 1.525137457593910761e-10
2.459465945945946252e+00 9.214515268035669294e-11
2.466472942942943281e+00 5.551281165899620648e-11
2.473479939939940309e+00 3.335045917204128236e-11
2.480486936936937337e+00 1.998151357376763073e-11
2.487493933933934365e+00 1.193994989881021840e-11
2.494500930930931393e+00 7.116283731151691906e-12
2.501507927927928421e+00 4.230670477901965732e-12
2.508514924924925449e+00 2.508986960057742031e-12
2.515521921921922033e+00 1.484391446194696277e-12
2.522528918918919061e+00 8.761660247785151402e-13
2.529535915915916089e+00 5.159871862344934301e-13
2.536542912912913117e+00 3.032020381151179641e-13
2.543549909909910145e+00 1.777835997049068848e-13
2.550556906906907173e+00 1.040262371781876758e-13
2.557563903903904201e+00 6.074499334088369029e-14
2.564570900900901229e+00 3.540127023827580035e-14
2.571577897897898257e+00 2.059168473520908689e-14
2.578584894894895285e+00 1.195509666556689788e-14
2.585591891891892313e+00 6.928282082171851871e-15
2.592598888888889341e+00 4.008039201847530867e-15
2.599605885885886369e+00 2.314699185096341287e-15
2.606612882882883397e+00 1.334551166886395735e-15
2.613619879879880425e+00 7.682020413647346579e-16
2.620626876876877009e+00 4.415057289723114845e-16
2.627633873873874037e+00 2.533603292727857926e-16
2.634640870870871066e+00 1.451786079188346818e-16
2.641647867867868094e+00 8.307079669548860351e-17
2.648654864864865122e+00 4.746740553812662767e-17
2.655661861861862150e+00 2.708714739298410222e-17
2.662668858858859178e+00 1.543727514499569291e-17
2.669675855855856206e+00 8.786910816642800920e-18
2.676682852852853234e+00 4.995491921772318840e-18
2.683689849849850262e+00 2.836708526673981610e-18
2.690696846846847290e+00 1.609026504477482857e-18
2.697703843843844318e+00 9.116770389330653581e-19
2.704710840840841346e+00 5.160183726042047532e-19
2.711717837837838374e+00 2.917778567627861140e-19
2.718724834834834958e+00 1.648234123333462168e-19
2.725731831831831986e+00 9.302099325091211450e-20
2.732738828828829014e+00 5.245106956706434621e-20
2.739745825825826042e+00 2.954980026069004117e-20
2.746752822822823070e+00 1.663400455588578075e-20
2.753759819819820098e+00 9.356127119552686908e-21
2.760766816816817126e+00 5.258563696334372559e-21
2.767773813813814154e+00 2.953413950004974889e-21
2.774780810810811182e+00 1.657607996236217680e-21
2.781787807807808210e+00 9.297230250036137632e-22
2.788794804804805239e+00 5.211386034957234053e-22
2.795801801801802267e+00 2.919404163952885925e-22
2.802808798798799295e+00 1.634517947817592266e-22
2.809815795795796323e+00 9.146450539224423678e-23
2.816822792792793351e+00 5.115588608972828427e-23
2.823829789789789935e+00 2.859770794095184113e-23
2.830836786786786963e+00 1.597981241765011151e-23
2.837843783783783991e+00 8.925426590502395737e-24
2.844850780780781019e+00 4.983276025874426104e-24
2.851857777777778047e+00 2.781257161165908546e-24
2.858864774774775075e+00 1.551740037988413132e-24
2.865871771771772103e+00 8.654850471048515722e-25
2.872878768768769131e+00 4.825851114650659607e-25
2.879885765765766159e+00 2.690126973455373231e-25
2.886892762762763187e+00 1.499224653020560390e-25
2.893899759759760215e+00 8.353454271608229397e-26
2.900906756756757243e+00 4.653514964947990958e-26
2.907913753753754271e+00 2.591920977134411881e-26
2.914920750750751299e+00 1.443437009973444338e-26
2.921927747747747883e+00 8.037462987926001240e-27
2.928934744744744911e+00 4.475016688389844029e-27
2.935941741741741939e+00 2.491346510467370701e-27
2.942948738738738967e+00 1.386904394737291255e-27
2.949955735735735995e+00 7.720417114044588171e-28
2.956962732732733024e+00 4.297596446204822284e-28
2.963969729729730052e+00 2.392267485881318553e-28
2.970976726726727080e+00 1.331685081454481048e-28
2.977983723723724108e+00 7.413261457995044929e-29
2.984990720720721136e+00 4.127064227290210695e-29
2.991997717717718164e+00 2.297763116972977262e-29
2.999004714714715192e+00 1.279408514581775423e-29
3.006011711711712220e+00 7.124606276436561090e-30
3.013018708708709248e+00 3.967963795470602695e-30
3.020025705705706276e+00 2.210228322796937811e-30
3.027032702702702860e+00 1.231335653454280155e-30
3.034039699699699888e+00 6.861084648174462242e-31
3.041046696696696916e+00 3.823781833831771091e-31
3.048053693693693944e+00 2.131494933079762665e-31
3.055060690690690972e+00 1.188428641565759707e-31
3.062067687687688000e+00 6.627750168206090164e-32
3.069074684684685028e+00 3.697173618412593308e-32
3.076081681681682056e+00 2.062959095994748321e-32
3.083088678678679084e+00 1.151422420279143732e-32
3.090095675675676112e+00 6.428477944768089157e-33
3.097102672672673140e+00 3.590186817323334757e-33
3.104109669669670168e+00 2.005705830244428654e-33
3.111116666666667196e+00 1.120893880708194646e-33
3.118123663663664225e+00 6.266347766900020747e-34
3.125130660660661253e+00 3.504473456898953088e-34
3.132137657657657837e+00 1.960626134390680272e-34
3.139144654654654865e+00 1.097326505440283220e-34
3.146151651651651893e+00 6.144000700778156476e-35
3.153158648648648921e+00 3.441486586922171594e-35
3.160165645645645949e+00 1.928525456516666800e-35
3.167172642642642977e+00 1.081170218222431042e-35
3.174179639639640005e+00 6.063969558862899609e-36
3.181186636636637033e+00 3.402662946539038276e-36
3.188193633633634061e+00 1.910224801566969532e-36
3.195200630630631089e+00 1.072897442969794302e-36
3.202207627627628117e+00 6.028990344901997609e-37
3.209214624624625145e+00 3.389596393090794854e-37
3.216221621621622173e+00 1.906657556724841460e-37
3.223228618618619201e+00 1.073057316372729793e-37
3.230235615615615785e+00 6.042306734084860515e-38
3.237242612612612813e+00 3.404209478246568301e-38
3.244249609609609841e+00 1.918966513562961675e-38
3.251256606606606869e+00 1.082330751152887441e-38
3.258263603603603897e+00 6.107983743404102128e-39
3.265270600600600925e+00 3.448932810478022341e-39
3.272277597597597953e+00 1.948606822312141648e-39
3.279284594594594981e+00 1.101589756290778310e-39
3.286291591591592010e+00 6.231250800999411462e-40
3.293298588588589038e+00 3.526904187563741513e-40
3.300305585585586066e+00 1.997461984787303555e-40
3.307312582582583094e+00 1.131965230445007637e-40
3.314319579579580122e+00 6.418899248554905114e-41
3.321326576576577150e+00 3.642202379002214467e-41
3.328333573573574178e+00 2.067981741549770826e-41
3.335340570570570762e+00 1.174928506353261861e-41
3.342347567567567790e+00 6.679765779842176011e-42
3.349354564564564818e+00 3.800134392713783399e-42
3.356361561561561846e+00 2.163353132134542497e-42
3.363368558558558874e+00 1.232393411657352272e-42
3.370375555555555902e+00 7.025342463809837425e-43
3.377382552552552930e+00 4.007600688107301786e-43
3.384389549549549958e+00 2.287719472739452961e-43
3.391396546546546986e+00 1.306847746799226979e-43
3.398403543543544014e+00 7.470567160647391178e-44
3.405410540540541042e+00 4.273570910548714280e-44
3.412417537537538070e+00 2.446466998139212415e-44
3.419424534534535098e+00 1.401526165411209315e-44
3.426431531531532126e+00 8.034867163815780280e-45
3.433438528528529154e+00 4.609714456198693235e-45
3.440445525525525738e+00 2.646606152460751463e-45
3.447452522522522766e+00 1.520640907634599068e-45
3.454459519519519795e+00 8.743556448674013972e-46
3.461466516516516823e+00 5.031247174500920527e-46
3.468473513513513851e+00 2.897285003975643387e-46
3.475480510510510879e+00 1.669693312220965001e-46
3.482487507507507907e+00 9.629726887113408061e-47
3.489494504504504935e+00 5.558080203964525305e-47
3.496501501501501963e+00 3.210487508936851892e-47
3.503508498498498991e+00 1.855898455656499894e-47
3.510515495495496019e+00 1.073683202283158957e-47
3.517522492492493047e+00 6.216392940743686453e-48
3.524529489489490075e+00 3.601991616343416501e-48
3.531536486486487103e+00 2.088769042540654151e-48
3.538543483483483687e+00 1.212224726229126963e-48
3.545550480480480715e+00 7.040804927980110368e-49
3.552557477477477743e+00 4.092694902165975386e-49
3.559564474474474771e+00 2.380924931715786203e-49
3.566571471471471799e+00 1.386221593058062820e-49
3.573578468468468827e+00 8.077399343667813845e-50
3.580585465465465855e+00 4.710463747716545344e-50
3.587592462462462883e+00 2.749224679658217981e-50
3.594599459459459911e+00 1.605877692352153870e-50
3.601606456456456939e+00 9.387966499763178432e-51
3.608613453453453968e+00 5.492734015261762746e-51
3.615620450450450996e+00 3.216360219191115811e-51
3.622627447447448024e+00 1.884954802480891525e-51
3.629634444444445052e+00 1.105600902211100821e-51
3.636641441441442080e+00 6.490199073787181752e-52
3.643648438438438664e+00 3.813123021743148018e-52
3.650655435435435692e+00 2.242165806169868734e-52
3.657662432432432720e+00 1.319531177577562494e-52
3.664669429429429748e+00 7.772084141304627153e-53
3.671676426426426776e+00 4.581651927433787712e-53
3.678683423423423804e+00 2.703175718487526456e-53
3.685690420420420832e+00 1.596227714637256095e-53
3.692697417417417860e+00 9.433754488779050722e-54
3.699704414414414888e+00 5.580128339383186107e-54
3.706711411411411916e+00 3.303500795406219338e-54
3.713718408408408944e+00 1.957383588209649253e-54
3.720725405405405972e+00 1.160778701165599225e-54
3.727732402402403000e+00 6.889623934232897236e-55
3.734739399399400028e+00 4.092746187609137914e-55
3.741746396396396612e+00 2.433368629475602780e-55
3.748753393393393640e+00 1.448022653603451225e-55
3.755760390390390668e+00 8.624177872683065391e-56
3.762767387387387696e+00 5.140856329508836081e-56
3.769774384384384724e+00 3.067108455294105773e-56
3.776781381381381753e+00 1.831467318979561968e-56
3.783788378378378781e+00 1.094576284610144035e-56
3.790795375375375809e+00 6.547419098518131604e-57
3.797802372372372837e+00 3.919872095098554035e-57
3.804809369369369865e+00 2.348830526716706888e-57
3.811816366366366893e+00 1.408671931142106674e-57
3.818823363363363921e+00 8.455645601461076977e-58
3.825830360360360949e+00 5.079988588759462086e-58
3.832837357357357977e+00 3.054626078336488199e-58
3.839844354354355005e+00 1.838370357628114692e-58
3.846851351351351589e+00 1.107357520554883151e-58
3.853858348348348617e+00 6.676100267448904986e-59
3.860865345345345645e+00 4.028452127184535950e-59
3.867872342342342673e+00 2.432955329067090600e-59
3.874879339339339701e+00 1.470655066414029722e-59
3.881886336336336729e+00 8.897509150803132773e-60
3.888893333333333757e+00 5.387746439905188350e-60
3.895900330330330785e+00 3.265329983132581774e-60
3.902907327327327813e+00 1.980743987041188875e-60
3.909914324324324841e+00 1.202571930456039192e-60
3.916921321321321869e+00 7.307609189114215822e-61
3.923928318318318897e+00 4.444482186995350924e-61
3.930935315315315925e+00 2.705507169668466486e-61
3.937942312312312954e+00 1.648382184484376401e-61
3.944949309309309982e+00 1.005191632688315400e-61
3.951956306306306566e+00 6.135098769018721146e-62
3.958963303303303594e+00 3.747796411437216703e-62
3.965970300300300622e+00 2.291459280114262397e-62
3.972977297297297650e+00 1.402264652858700585e-62
3.979984294294294678e+00 8.588740361783448901e-63
3.986991291291291706e+00 5.265147566647859131e-63
3.993998288288288734e+00 3.230525218407641894e-63
4.001005285285285318e+00 1.983888012380834700e-63
4.008012282282281902e+00 1.219389645721135425e-63
4.015019279279279374e+00 7.501516601643862045e-64
4.022026276276275958e+00 4.618880711450312027e-64
4.029033273273273430e+00 2.846461949685128735e-64
4.036040270270270014e+00 1.755718308492923992e-64
4.043047267267267486e+00 1.083889361749424952e-64
4.050054264264264070e+00 6.697235344862076241e-65
4.057061261261261542e+00 4.141774763479595120e-65
4.064068258258258126e+00 2.563642795735870848e-65
4.071075255255255598e+00 1.588211965094926923e-65
4.078082252252252182e+00 9.847797652536263429e-66
4.085089249249249654e+00 6.111520141081458625e-66
4.092096246246246238e+00 3.796108547845568393e-66
4.099103243243243710e+00 2.359972797907726491e-66
4.106110240240240294e+00 1.468432937977370648e-66
4.113117237237236878e+00 9.144915975924708045e-67
4.120124234234234351e+00 5.700113846790793640e-67
4.127131231231230934e+00 3.556028766705813854e-67
4.134138228228228407e+00 2.220366339211867160e-67
4.141145225225224991e+00 1.387590559652933379e-67
4.148152222222222463e+00 8.679107363959226644e-68
4.155159219219219047e+00 5.433322567309739340e-68
4.162166216216216519e+00 3.404335036463164107e-68
4.169173213213213103e+00 2.134888222250970015e-68
4.176180210210210575e+00 1.339965713837410634e-68
4.183187207207207159e+00 8.417586288386394807e-69
4.190194204204204631e+00 5.292446232561546072e-69
4.197201201201201215e+00 3.330427250834734502e-69
4.204208198198197799e+00 2.097575939185073764e-69
4.211215195195195271e+00 1.322236969815605704e-69
4.218222192192191855e+00 8.342080403749072048e-70
4.225229189189189327e+00 5.267596766155369119e-70
4.232236186186185911e+00 3.329073202780344232e-70
4.239243183183183383e+00 2.105748152474430162e-70
4.246250180180179967e+00 1.333095784295835224e-70
4.253257177177177439e+00 8.446712277356759857e-71
4.260264174174174023e+00 5.356548424948618342e-71
4.267271171171171495e+00 3.399796492640942301e-71
4.274278168168168079e+00 2.159687506792326728e-71
4.281285165165165552e+00 1.373088625746686251e-71
4.288292162162162136e+00 8.737263369859221060e-72
4.295299159159159608e+00 5.564434402238489236e-72
4.302306156156156192e+00 3.546785323826195609e-72
4.309313153153152776e+00 2.262645841285974185e-72
4.316320150150150248e+00 1.444659792785629243e-72
4.323327147147146832e+00 9.231694660915985169e-73
4.330334144144144304e+00 5.904234941729818228e-73
4.337341141141140888e+00 3.779302795159050386e-73
4.344348138138138360e+00 2.421169012495898704e-73
4.351355135135134944e+00 1.552399096971426106e-73
4.358362132132132416e+00 9.961987752376048220e-74
4.365369129129129000e+00 6.398121152554329112e-74
4.372376126126126472e+00 4.112654546589297094e-74
4.379383123123123056e+00 2.645786500739119999e-74
4.386390120120120528e+00 1.703529376695485090e-74
4.393397117117117112e+00 1.097756943034646324e-74
4.400404114114114584e+00 7.079848373416026122e-75
4.407411111111111168e+00 4.569854570999704931e-75
4.414418108108107752e+00 2.952166971613914797e-75
4.421425105105105224e+00 1.908705924466653811e-75
4.428432102102101808e+00 1.235082991082761282e-75
4.435439099099099280e+00 7.998558390059784103e-76
4.442446096096095864e+00 5.184241187634855598e-76
4.449453093093093337e+00 3.362915954514001256e-76
4.456460090090089921e+00 2.183250657125101154e-76
4.463467087087087393e+00 1.418558942548290515e-76
4.470474084084083977e+00 9.224584197840591395e-77
4.477481081081081449e+00 6.003455046709316042e-77
4.484488078078078033e+00 3.910301074699410898e-77
4.491495075075075505e+00 2.549018685601260306e-77
4.498502072072072089e+00 1.662988102931725791e-77
4.505509069069069561e+00 1.085820352656027108e-77
4.512516066066066145e+00 7.095433494546864949e-78
4.519523063063062729e+00 4.640357230195974653e-78
4.526530060060060201e+00 3.037210025703911639e-78
4.533537057057056785e+00 1.989521157695882432e-78
4.540544054054054257e+00 1.304283571782368140e-78
4.547551051051050841e+00 8.557454636156840374e-79
4.554558048048048313e+00 5.619086251955257105e-79
4.561565045045044897e+00 3.692620636728374349e-79
4.568572042042042369e+00 2.428571951244751298e-79
4.575579039039038953e+00 1.598504747858569835e-79
4.582586036036036425e+00 1.052986837282718565e-79
4.589593033033033009e+00 6.941884618137466768e-80
4.596600030030030481e+00 4.580117869249551543e-80
4.603607027027027065e+00 3.024266857698872764e-80
4.610614024024024538e+00 1.998513709134620368e-80
4.617621021021021122e+00 1.321712788047007489e-80
4.624628018018017706e+00 8.748011828332478482e-81
4.631635015015015178e+00 5.794597963046817048e-81
4.638642012012011762e+00 3.841300674988650612e-81
4.645649009009009234e+00 2.548435853626555710e-81
4.652656006006005818e+00 1.692033218219408832e-81
4.659663003003003290e+00 1.124302561268504111e-81
4.666669999999999874e+00 7.476459971585468978e-82
4.673676996996997346e+00 4.975614002997838607e-82
4.680683993993993930e+00 3.313863110105302582e-82
4.687690990990991402e+00 2.208813348144598941e-82
4.694697987987987986e+00 1.473395697314715933e-82
4.701704984984985458e+00 9.835921536566718059e-83
4.708711981981982042e+00 6.571209987929607023e-83
4.715718978978978626e+00 4.393489760316549941e-83
4.722725975975976098e+00 2.939728511732403624e-83
4.729732972972972682e+00 1.968509488810077540e-83
4.736739969969970154e+00 1.319167158112256172e-83
4.743746966966966738e+00 8.846949038796516777e-84
4.750753963963964210e+00 5.937695792737791953e-84
4.757760960960960794e+00 3.988158678257048870e-84
4.764767957957958266e+00 2.680750078692446565e-84
4.771774954954954850e+00 1.803304144564489741e-84
4.778781951951952323e+00 1.213974969272338951e-84
4.785788948948948907e+00 8.178580321409770892e-85
4.792795945945946379e+00 5.514077869957996766e-85
4.799802942942942963e+00 3.720437281329221768e-85
4.806809939939940435e+00 2.512120925151183644e-85
4.813816936936937019e+00 1.697508252209631648e-85
4.820823933933933603e+00 1.147908800999526482e-85
4.827830930930931075e+00 7.768306514598095747e-86
4.834837927927927659e+00 5.260997972962485566e-86
4.841844924924925131e+00 3.565595445449552803e-86
4.848851921921921715e+00 2.418340702049716718e-86
4.855858918918919187e+00 1.641435144135286252e-86
4.862865915915915771e+00 1.114936489251301655e-86
4.869872912912913243e+00 7.578722844162886829e-87
4.876879909909909827e+00 5.155380811354057232e-87
4.883886906906907299e+00 3.509487023496901876e-87
4.890893903903903883e+00 2.390804311160525509e-87
4.897900900900901355e+00 1.629901101539783734e-87
4.904907897897897939e+00 1.111974028987017636e-87
4.911914894894895411e+00 7.591778645843846250e-88
4.918921891891891995e+00 5.186892718863657515e-88
4.925928888888888579e+00 3.546379142029291839e-88
4.932935885885886051e+00 2.426479162310230925e-88
4.939942882882882635e+00 1.661425246669074598e-88
4.946949879879880108e+00 1.138406105609043791e-88
4.953956876876876692e+00 7.805938620476783218e-89
4.960963873873874164e+00 5.356287582769504422e-89
4.967970870870870748e+00 3.678009221669916487e-89
4.974977867867868220e+00 2.527384093030469177e-89
4.981984864864864804e+00 1.737954981419257881e-89
4.988991861861862276e+00 1.195952614733363328e-89
4.995998858858858860e+00 8.235631996956028412e-90
5.003005855855856332e+00 5.675272721229670399e-90
5.010012852852852916e+00 3.913656624698422619e-90
5.017019849849850388e+00 2.700748950908821196e-90
5.024026846846846972e+00 1.865050358137586786e-90
5.031033843843843556e+00 1.288846197098421443e-90
5.038040840840841028e+00 8.912820237231536586e-91
5.045047837837837612e+00 6.167825207763837901e-91
5.052054834834835084e+00 4.271212332962155767e-91
5.059061831831831668e+00 2.959864276684868502e-91
5.066068828828829140e+00 2.052547899021977739e-91
5.073075825825825724e+00 1.424344393899240350e-91
5.080082822822823196e+00 9.890910333164372035e-92
5.087089819819819780e+00 6.873159177401942056e-92
5.094096816816817253e+00 4.779415210324438095e-92
5.101103813813813836e+00 3.325758291903812594e-92
5.108110810810811309e+00 2.315813096526184457e-92
5.115117807807807893e+00 1.613661997552294893e-92
5.122124804804805365e+00 1.125167607301324340e-92
5.129131801801801949e+00 7.850852093351316456e-93
5.136138798798798533e+00 5.481641612512091798e-93
5.143145795795796005e+00 3.829993980755852608e-93
5.150152792792792589e+00 2.677802230049797605e-93
5.157159789789790061e+00 1.873489246565545887e-93
5.164166786786786645e+00 1.311642721186360537e-93
5.171173783783784117e+00 9.189055844342956970e-94
5.178180780780780701e+00 6.441938327775580468e-94
5.185187777777778173e+00 4.519099629288196166e-94
5.192194774774774757e+00 3.172314951240883454e-94
5.199201771771772229e+00 2.228379000213066250e-94
5.206208768768768813e+00 1.566352635094220706e-94
5.213215765765766285e+00 1.101734888761629444e-94
5.220222762762762869e+00 7.754451586812876531e-95
5.227229759759760341e+00 5.461486348084724690e-95
5.234236756756756925e+00 3.849069429228495671e-95
5.241243753753753509e+00 2.714470456316723626e-95
5.248250750750750981e+00 1.915571332107411121e-95
5.255257747747747565e+00 1.352678939086535429e-95
5.262264744744745038e+00 9.558146271610577697e-96
5.269271741741741621e+00 6.758254114353338066e-96
5.276278738738739094e+00 4.781637186667090807e-96
5.283285735735735678e+00 3.385316973489114671e-96
5.290292732732733150e+00 2.398291848008992925e-96
5.297299729729729734e+00 1.700137541957542719e-96
5.304306726726727206e+00 1.205992974062940191e-96
5.311313723723723790e+00 8.560192936882105289e-97
5.318320720720721262e+00 6.079946342351828470e-97
5.325327717717717846e+00 4.321084114982898865e-97
5.332334714714714430e+00 3.072994898264789478e-97
5.339341711711711902e+00 2.186786921955916304e-97
5.346348708708708486e+00 1.557133945807007119e-97
5.353355705705705958e+00 1.109480618419777533e-97
5.360362702702702542e+00 7.910192966839374803e-98
5.367369699699700014e+00 5.643225646024128207e-98
5.374376696696696598e+00 4.028469719077151399e-98
5.381383693693694070e+00 2.877560819501821726e-98
5.388390690690690654e+00 2.056742924941891121e-98
5.395397687687688126e+00 1.470977324135465349e-98
5.402404684684684710e+00 1.052693116535417014e-98
5.409411681681682182e+00 7.538185193157669708e-99
5.416418678678678766e+00 5.401326279947137163e-99
5.423425675675676239e+00 3.872594194798773441e-99
5.430432672672672823e+00 2.778247377909869490e-99
5.437439669669669406e+00 1.994373803518637795e-99
5.444446666666666879e+00 1.432545134416637680e-99
5.451453663663663463e+00 1.029616641347683870e-99
5.458460660660660935e+00 7.404703302417244218e-100
5.465467657657657519e+00 5.328488369342877155e-100
5.472474654654654991e+00 3.836754576182417290e-100
5.479481651651651575e+00 2.764311879469915010e-100
5.486488648648649047e+00 1.992840175562082336e-100
5.493495645645645631e+00 1.437539203589209817e-100
5.500502642642643103e+00 1.037595575496996963e-100
5.507509639639639687e+00 7.493713786862329635e-101
5.514516636636637159e+00 5.415344133457152135e-101
5.521523633633633743e+00 3.915744795417382815e-101
5.528530630630631215e+00 2.833097053777363634e-101
5.535537627627627799e+00 2.051004788558086552e-101
5.542544624624624383e+00 1.485694244311356321e-101
5.549551621621621855e+00 1.076834965964316834e-101
5.556558618618618439e+00 7.809535388709691949e-102
5.563565615615615911e+00 5.667049220019233628e-102
5.570572612612612495e+00 4.114754338527207431e-102
5.577579609609609967e+00 2.989409294675244128e-102
5.584586606606606551e+00 2.173105412795644302e-102
5.591593603603604024e+00 1.580627578054669895e-102
5.598600600600600607e+00 1.150352843167949549e-102
5.605607597597598080e+00 8.376927282998952692e-103
5.612614594594594664e+00 6.103655151308493507e-103
5.619621591591592136e+00 4.449858571856455027e-103
5.626628588588588720e+00 3.246032131162363399e-103
5.633635585585586192e+00 2.369240885056599893e-103
5.640642582582582776e+00 1.730273804466941748e-103
5.647649579579579360e+00 1.264355118534107860e-103
5.654656576576576832e+00 9.244242893410860174e-104
5.661663573573573416e+00 6.762714915107331679e-104
5.668670570570570888e+00 4.950142303905245732e-104
5.675677567567567472e+00 3.625438802547559740e-104
5.682684564564564944e+00 2.656740789865273606e-104
5.689691561561561528e+00 1.947972942022109457e-104
5.696698558558559000e+00 1.429095362953294227e-104
5.703705555555555584e+00 1.049019296402093280e-104
5.710712552552553056e+00 7.704583132300231072e-105
5.717719549549549640e+00 5.661840643155450433e-105
5.724726546546547112e+00 4.163018994225358964e-105
5.731733543543543696e+00 3.062674384402330210e-105
5.738740540540541168e+00 2.254417633057734137e-105
5.745747537537537752e+00 1.660383705088898796e-105
5.752754534534534336e+00 1.223552272977888121e-105
5.759761531531531809e+00 9.021442858752124268e-106
5.766768528528528392e+00 6.655310480103229712e-106
5.773775525525525865e+00 4.912458768710483075e-106
5.780782522522522449e+00 3.627999615042835688e-106
5.787789519519519921e+00 2.680851150465509774e-106
5.794796516516516505e+00 1.982050724013608712e-106
5.801803513513513977e+00 1.466198812334480524e-106
5.808810510510510561e+00 1.085191640496465114e-106
5.815817507507508033e+00 8.036277718628202434e-107
5.822824504504504617e+00 5.954397167051397955e-107
5.829831501501502089e+00 4.414225074503940973e-107
5.836838498498498673e+00 3.274193982579492562e-107
5.843845495495495257e+00 2.429892416446581604e-107
5.850852492492492729e+00 1.804271303937369385e-107
5.857859489489489313e+00 1.340442675272966076e-107
5.864866486486486785e+00 9.963816247810698488e-108
5.871873483483483369e+00 7.410264107743884964e-108
5.878880480480480841e+00 5.514061836298250255e-108
5.885887477477477425e+00 4.105244249738592456e-108
5.892894474474474897e+00 3.057984305594796380e-108
5.899901471471471481e+00 2.279081431607300521e-108
5.906908468468468953e+00 1.699465032618248957e-108
5.913915465465465537e+00 1.267920093289095263e-108
5.920922462462463010e+00 9.464512707726210019e-109
5.927929459459459594e+00 7.068557900443576961e-109
5.934936456456457066e+00 5.281886109375240944e-109
5.941943453453453650e+00 3.948865693460952130e-109
5.948950450450450234e+00 2.953794508356847484e-109
5.955957447447447706e+00 2.210610600768625948e-109
5.962964444444444290e+00 1.655265798743101975e-109
5.969971441441441762e+00 1.240070082956081977e-109
5.976978438438438346e+00 9.294952742963499667e-110
5.983985435435435818e+00 6.970598737358429340e-110
5.990992432432432402e+00 5.230153037097108144e-110
5.997999429429429874e+00 3.926264947002795351e-110
6.005006426426426458e+00 2.948934856072915801e-110
6.012013423423423930e+00 2.216004325383216100e-110
6.019020420420420514e+00 1.666078107143312567e-110
6.026027417417417986e+00 1.253253487437788193e-110
6.033034414414414570e+00 9.431934558347555642e-111
6.040041411411412042e+00 7.101995823630579279e-111
6.047048408408408626e+00 5.350289822322558417e-111
6.054055405405405210e+00 4.032653912921196994e-111
6.061062402402402682e+00 3.041030889728123206e-111
6.068069399399399266e+00 2.294385746148842834e-111
6.075076396396396738e+00 1.731917718018994450e-111
6.082083393393393322e+00 1.307985051886566011e-111
6.089090390390390795e+00 9.883084424184310467e-112
6.096097387387387379e+00 7.471295653759688832e-112
6.103104384384384851e+00 5.650833720127258446e-112
6.110111381381381435e+00 4.276040579073011918e-112
6.117118378378378907e+00 3.237302554869383928e-112
6.124125375375375491e+00 2.452090208391894641e-112
6.131132372372372963e+00 1.858235606349599061e-112
6.138139369369369547e+00 1.408885808455286726e-112
6.145146366366367019e+00 1.068712765488896615e-112
6.152153363363363603e+00 8.110654257737337697e-113
6.159160360360360187e+00 6.158287707238528116e-113
6.166167357357357659e+00 4.678135121448891547e-113
6.173174354354354243e+00 3.555443299076151700e-113
6.180181351351351715e+00 2.703475697114630187e-113
6.187188348348348299e+00 2.056640624555673472e-113
6.194195345345345771e+00 1.565312629323670955e-113
6.201202342342342355e+00 1.191927993920737025e-113
6.208209339339339827e+00 9.080394474273223479e-114
6.215216336336336411e+00 6.920933749458945960e-114
6.222223333333333883e+00 5.277514860756352243e-114
6.229230330330330467e+00 4.026229735701444003e-114
6.236237327327327939e+00 3.073063059116836987e-114
6.243244324324324523e+00 2.346646893633129307e-114
6.250251321321321996e+00 1.792779560540015622e-114
6.257258318318318580e+00 1.370277213573655720e-114
6.264265315315315164e+00 1.047832585027435025e-114
6.271272312312312636e+00 8.016352552727073228e-115
6.278279309309309220e+00 6.135679827050594114e-115
6.285286306306306692e+00 4.698390047439844692e-115
6.292293303303303276e+00 3.599444434726986768e-115
6.299300300300300748e+00 2.758807743059465030e-115
6.306307297297297332e+00 2.115468127851043268e-115
6.313314294294294804e+00 1.622894007768275179e-115
6.320321291291291388e+00 1.245581014946862006e-115
6.327328288288288860e+00 9.564262591290533274e-116
6.334335285285285444e+00 7.347307666649639896e-116
6.341342282282282916e+00 5.646791100712967300e-116
6.348349279279279500e+00 4.341817009947868605e-116
6.355356276276276084e+00 3.339928333302498411e-116
6.362363273273273556e+00 2.570384886566916515e-116
6.369370270270270140e+00 1.979037804519933035e-116
6.376377267267267612e+00 1.524419463790715140e-116
6.383384264264264196e+00 1.174759288585082342e-116
6.390391261261261668e+00 9.057051617430252445e-117
6.397398258258258252e+00 6.985828144513383952e-117
6.404405255255255724e+00 5.390655760823029199e-117
6.411412252252252308e+00 4.161572807550668127e-117
6.418419249249249781e+00 3.214142600006469072e-117
6.425426246246246365e+00 2.483499529703122965e-117
6.432433243243243837e+00 1.919790653353913948e-117
6.439440240240240421e+00 1.484684132708536212e-117
6.446447237237237893e+00 1.148693647503153344e-117
6.453454234234234477e+00 8.891271780279504750e-118
6.460461231231231061e+00 6.885137580830796969e-118
6.467468228228228533e+00 5.333962886255880193e-118
6.474475225225225117e+00 4.134048286568846875e-118
6.481482222222222589e+00 3.205448839728027748e-118
6.488489219219219173e+00 2.486505737207236541e-118
6.495496216216216645e+00 1.929642942882642683e-118
6.502503213213213229e+00 1.498134769220581593e-118
6.509510210210210701e+00 1.163619028291248771e-118
6.516517207207207285e+00 9.041829538420254127e-119
6.523524204204204757e+00 7.028893337214795254e-119
6.530531201201201341e+00 5.466411186663958739e-119
6.537538198198198813e+00 4.253063974786316673e-119
6.544545195195195397e+00 3.310437407471618823e-119
6.551552192192192869e+00 2.577818075734509179e-119
6.558559189189189453e+00 2.008177700136097089e-119
6.565566186186186037e+00 1.565072936405150389e-119
6.572573183183183509e+00 1.220250978176198277e-119
6.579580180180180093e+00 9.517994847243256042e-120
6.586587177177177566e+00 7.427164824528703703e-120
6.593594174174174150e+00 5.798044350721047491e-120
6.600601171171171622e+00 4.528146389959840287e-120
6.607608168168168206e+00 3.537850035428745472e-120
6.614615165165165678e+00 2.765272907501845312e-120
6.621622162162162262e+00 2.162299155073351211e-120
6.628629159159159734e+00 1.691501331357761149e-120
6.635636156156156318e+00 1.323753984160697320e-120
6.642643153153153790e+00 1.036382745912590155e-120
6.649650150150150374e+00 8.117281612861274330e-121
6.656657147147147846e+00 6.360308577572951326e-121
6.663664144144144430e+00 4.985657996875648053e-121
6.670671141141141014e+00 3.909696954995158789e-121
6.677678138138138486e+00 3.067182485095861562e-121
6.684685135135135070e+00 2.407197010569026402e-121
6.691692132132132542e+00 1.889986708250403170e-121
6.698699129129129126e+00 1.484501205037158838e-121
6.705706126126126598e+00 1.166478250320928774e-121
6.712713123123123182e+00 9.169520391172392575e-122
6.719720120120120654e+00 7.210910054358454027e-122
6.726727117117117238e+00 5.672919469511728355e-122
6.733734114114114711e+00 4.464736592964293877e-122
6.740741111111111294e+00 3.515259172003253019e-122
6.747748108108108767e+00 2.768794644297487052e-122
6.754755105105105351e+00 2.181703027315394809e-122
6.761762102102102823e+00 1.719774951643835111e-122
6.768769099099099407e+00 1.356183034517327245e-122
6.775776096096095991e+00 1.069880582094185356e-122
6.782783093093093463e+00 8.443494442662823281e-123
6.789790090090090047e+00 6.666205016738312457e-123
6.796797087087087519e+00 5.265071197162575251e-123
6.803804084084084103e+00 4.160050282057299816e-123
6.810811081081081575e+00 3.288223079946857527e-123
6.817818078078078159e+00 2.600111319391645533e-123
6.824825075075075631e+00 2.056791175594024245e-123
6.831832072072072215e+00 1.627629917555121286e-123
6.838839069069069687e+00 1.288510463417963758e-123
6.845846066066066271e+00 1.020438121648534957e-123
6.852853063063063743e+00 8.084468214012626397e-124
6.859860060060060327e+00 6.407401208746978846e-124
6.866867057057057799e+00 5.080163364915178091e-124
6.873874054054054383e+00 4.029381220199705581e-124
6.880881051051050967e+00 3.197154182693540001e-124
6.887888048048048439e+00 2.537774153872745120e-124
6.894895045045045023e+00 2.015144301630083121e-124
6.901902042042042495e+00 1.600747192902828251e-124
6.908909039039039079e+00 1.272044753541214944e-124
6.915916036036036552e+00 1.011217798716647448e-124
6.922923033033033136e+00 8.041726893715034176e-125
6.929930030030030608e+00 6.397582059212327178e-125
6.936937027027027192e+00 5.091479173794977643e-125
6.943944024024024664e+00 4.053528877965055442e-125
6.950951021021021248e+00 3.228370698994441062e-125
6.957958018018018720e+00 2.572136322217800738e-125
6.964965015015015304e+00 2.050050985109965622e-125
6.971972012012011888e+00 1.634538191014949859e-125
6.978979009009009360e+00 1.303721565799081951e-125
6.985986006006005944e+00 1.040240196560943252e-125
6.992993003003003416e+00 8.303115079061758117e-126
7.000000000000000000e+00 6.629896764766193613e-126
