1.000000000000000082e-05 0.000000000000000000e+00
7.016996996996997284e-03 0.000000000000000000e+00
1.402399399399399497e-02 0.000000000000000000e+00
2.103099099099099353e-02 0.000000000000000000e+00
2.803798798798799036e-02 0.000000000000000000e+00
3.504498498498499065e-02 0.000000000000000000e+00
4.205198198198199094e-02 0.000000000000000000e+00
4.905897897897898430e-02 0.000000000000000000e+00
5.606597597597598459e-02 0.000000000000000000e+00
6.307297297297297101e-02 0.000000000000000000e+00
7.007996996996997130e-02 0.000000000000000000e+00
7.708696696696697159e-02 0.000000000000000000e+00
8.409396396396397189e-02 0.000000000000000000e+00
9.110096096096097218e-02 0.000000000000000000e+00
9.810795795795795859e-02 0.000000000000000000e+00
1.051149549549549589e-01 0.000000000000000000e+00
1.121219519519519592e-01 0.000000000000000000e+00
1.191289489489489595e-01 0.000000000000000000e+00
1.261359459459459598e-01 0.000000000000000000e+00
1.331429429429429601e-01 2.677859165533175586e-282
1.401499399399399604e-01 7.861178297415055277e-247
1.471569369369369606e-01 7.386504027997747313e-217
1.541639339339339609e-01 2.366746655316326300e-191
1.611709309309309612e-01 1.641120784502726049e-169
1.681779279279279615e-01 1.059354149040183539e-150
1.751849249249249618e-01 2.037655277450645837e-134
1.821919219219219621e-01 2.978516320752800592e-120
1.891989189189189347e-01 7.072367945253311956e-108
1.962059159159159349e-01 5.076785846806254480e-97
2.032129129129129352e-01 1.837476954946853207e-87
2.102199099099099355e-01 5.124036666708172642e-79
2.172269069069069358e-01 1.567992133275899598e-71
2.242339039039039361e-01 7.083405919224862586e-65
2.312409009009009364e-01 6.066550117667277103e-59
2.382478978978979367e-01 1.217613349506375582e-53
2.452548948948949370e-01 6.860183632855806833e-49
2.522618918918919095e-01 1.266079775214112766e-44
2.592688888888889376e-01 8.738887053071114528e-41
2.662758858858859101e-01 2.529022740665275637e-37
2.732828828828829382e-01 3.387632491997811322e-34
2.802898798798799107e-01 2.288632339071396716e-31
2.872968768768769388e-01 8.403820718307849627e-29
2.943038738738739113e-01 1.790549844882869390e-26
3.013108708708708838e-01 2.344154125198402661e-24
3.083178678678679119e-01 1.983102668400511109e-22
3.153248648648648844e-01 1.133278861474193547e-20
3.223318618618619125e-01 4.549773092267285509e-19
3.293388588588588850e-01 1.328575783133566622e-17
3.363458558558559131e-01 2.910152713681435139e-16
3.433528528528528856e-01 4.914626867245088395e-15
3.503598498498499136e-01 6.557399212163003830e-14
3.573668468468468862e-01 7.065251277996491596e-13
3.643738438438439142e-01 6.268618520135342293e-12
3.713808408408408868e-01 4.661018050757009716e-11
3.783878378378378593e-01 2.950507066829440551e-10
3.853948348348348873e-01 1.612785225897574819e-09
3.924018318318318599e-01 7.710276229776891947e-09
3.994088288288288879e-01 3.261268535637617325e-08
4.064158258258258605e-01 1.233262525924816162e-07
4.134228228228228885e-01 4.208985023645115059e-07
4.204298198198198611e-01 1.307584192875158279e-06
4.274368168168168891e-01 3.726552095827032385e-06
4.344438138138138616e-01 9.811999796902783739e-06
4.414508108108108897e-01 2.402217342961719248e-05
4.484578078078078622e-01 5.500662563871817505e-05
4.554648048048048348e-01 1.184365293924864612e-04
4.624718018018018628e-01 2.409587809291697115e-04
4.694787987987988354e-01 4.652888577650296942e-04
4.764857957957958634e-01 8.562431169172358969e-04
4.834927927927928359e-01 1.507261821702963675e-03
4.904997897897898640e-01 2.546741583506084532e-03
4.975067867867868365e-01 4.143337381384923183e-03
5.045137837837837536e-01 6.509356396717241519e-03
5.115207807807807816e-01 9.901470827610338657e-03
5.185277777777778097e-01 1.461821619728246972e-02
5.255347747747747267e-01 2.099407860772267362e-02
5.325417717717717547e-01 2.939035324267987373e-02
5.395487687687687828e-01 4.018331602329974772e-02
5.465557657657658108e-01 5.375053705805095394e-02
5.535627627627627279e-01 7.045634190877618497e-02
5.605697597597597559e-01 9.063747973831723370e-02
5.675767567567567840e-01 1.145899919584267845e-01
5.745837537537538120e-01 1.425581131956479286e-01
5.815907507507507290e-01 1.747258101130710339e-01
5.885977477477477571e-01 2.112113076980716431e-01
5.956047447447447851e-01 2.520646991506952928e-01
6.026117417417417021e-01 2.972685099949921028e-01
6.096187387387387302e-01 3.467409065312274108e-01
6.166257357357357582e-01 4.003411116804326819e-01
6.236327327327327863e-01 4.578765185545193295e-01
6.306397297297297033e-01 5.191109689065560584e-01
6.376467267267267314e-01 5.837736814777627625e-01
6.446537237237237594e-01 6.515683638711933234e-01
6.516607207207207875e-01 7.221821104243201228e-01
6.586677177177177045e-01 7.952937679878436805e-01
6.656747147147147325e-01 8.705815334814270834e-01
6.726817117117117606e-01 9.477296254038639622e-01
6.796887087087086776e-01 1.026433941840810160e+00
6.866957057057057057e-01 1.106406677378294123e+00
6.937027027027027337e-01 1.187379919575493492e+00
7.007096996996997618e-01 1.269108282266748100e+00
7.077166966966966788e-01 1.351370658726940732e+00
7.147236936936937068e-01 1.433971193918334608e+00
7.217306906906907349e-01 1.516739583168267069e+00
7.287376876876877629e-01 1.599530806305627273e+00
7.357446846846846800e-01 1.682224403050068151e+00
7.427516816816817080e-01 1.764723388698285822e+00
7.497586786786787361e-01 1.846952900092195593e+00
7.567656756756756531e-01 1.928858651481352826e+00
7.637726726726726811e-01 2.010405268996096506e+00
7.707796696696697092e-01 2.091574561626695417e+00
7.777866666666667372e-01 2.172363776286588166e+00
7.847936636636636543e-01 2.252783875011492576e+00
7.918006606606606823e-01 2.332857863782423546e+00
7.988076576576577104e-01 2.412619194940576417e+00
8.058146546546547384e-01 2.492110258699464342e+00
8.128216516516516554e-01 2.571380973819491711e+00
8.198286486486486835e-01 2.650487483025182556e+00
8.268356456456457115e-01 2.729490955127102492e+00
8.338426426426426286e-01 2.808456492952554839e+00
8.408496396396396566e-01 2.887452143914480907e+00
8.478566366366366847e-01 2.966548007742868531e+00
8.548636336336337127e-01 3.045815430541609192e+00
8.618706306306306297e-01 3.125326251795375487e+00
8.688776276276276578e-01 3.205151974744434806e+00
8.758846246246246858e-01 3.285362371292328110e+00
8.828916216216217139e-01 3.366021886735919288e+00
8.898986186186186309e-01 3.447179116426856815e+00
8.969056156156156590e-01 3.528837656868265782e+00
9.039126126126126870e-01 3.610883897489397309e+00
9.109196096096096040e-01 3.692929748312581584e+00
9.179266066066066321e-01 3.774014370559765741e+00
9.249336036036036601e-01 3.852118104720869241e+00
9.319406006006006882e-01 3.923499459839795644e+00
9.389475975975976052e-01 3.981985126623472038e+00
9.459545945945946333e-01 4.018496855327843065e+00
9.529615915915916613e-01 4.021207990112270814e+00
9.599685885885886893e-01 3.976679586950839784e+00
9.669755855855856064e-01 3.872065650418025751e+00
9.739825825825826344e-01 3.698047115084343250e+00
9.809895795795796625e-01 3.451731428085771380e+00
9.879965765765765795e-01 3.138567300456415854e+00
9.950035735735736075e-01 2.772517892063805167e+00
1.002010570570570636e+00 2.374269918504093635e+00
1.009017567567567664e+00 1.967910010634920326e+00
1.016024564564564692e+00 1.576988534980842793e+00
1.023031561561561720e+00 1.221019037990340061e+00
1.030038558558558748e+00 9.132130926741964805e-01
1.037045555555555776e+00 6.597748575493814771e-01
1.044052552552552804e+00 4.605933329110120655e-01
1.051059549549549610e+00 3.108459740483629496e-01
1.058066546546546638e+00 2.029317192324357477e-01
1.065073543543543666e+00 1.282481909606876247e-01
1.072080540540540694e+00 7.852431597476780545e-02
1.079087537537537722e+00 4.662178639998058177e-02
1.086094534534534750e+00 2.686599272301934752e-02
1.093101531531531778e+00 1.504022322162362757e-02
1.100108528528528806e+00 8.187607060576664736e-03
1.107115525525525612e+00 4.338371480520728830e-03
1.114122522522522640e+00 2.239638664953495870e-03
1.121129519519519668e+00 1.127512684494823021e-03
1.128136516516516696e+00 5.540672371502077757e-04
1.135143513513513724e+00 2.660109200626105267e-04
1.142150510510510752e+00 1.248886265455051491e-04
1.149157507507507781e+00 5.738712909850921093e-05
1.156164504504504587e+00 2.583133084568906162e-05
1.163171501501501615e+00 1.139941539810354620e-05
1.170178498498498643e+00 4.935996534088770927e-06
1.177185495495495671e+00 2.098778064334728543e-06
1.184192492492492699e+00 8.769815697833955563e-07
1.191199489489489727e+00 3.603873505974820413e-07
1.198206486486486755e+00 1.457527057827182486e-07
1.205213483483483561e+00 5.805435340317417828e-08
1.212220480480480589e+00 2.278858899650216533e-08
1.219227477477477617e+00 8.821622480180737587e-09
1.226234474474474645e+00 3.369787537595894680e-09
1.233241471471471673e+00 1.270998841414912556e-09
1.240248468468468701e+00 4.736233424474154199e-10
1.247255465465465729e+00 1.744674731501717722e-10
1.254262462462462757e+00 6.356660621845457286e-11
1.261269459459459563e+00 2.291967129523033539e-11
1.268276456456456591e+00 8.182316689644251997e-12
1.275283453453453619e+00 2.893668708744964124e-12
1.282290450450450647e+00 1.014225729423867098e-12
1.289297447447447675e+00 3.524805984972191391e-13
1.296304444444444703e+00 1.215192607899415847e-13
1.303311441441441731e+00 4.157690229290883819e-14
1.310318438438438537e+00 1.412334390521159196e-14
1.317325435435435566e+00 4.765147237892005335e-15
1.324332432432432594e+00 1.597487238054669949e-15
1.331339429429429622e+00 5.323334584045905302e-16
1.338346426426426650e+00 1.763895049970776974e-16
1.345353423423423678e+00 5.813747285832562566e-17
1.352360420420420706e+00 1.906691767978340764e-17
1.359367417417417512e+00 6.224251523768102382e-18
1.366374414414414540e+00 2.023077331533506158e-18
1.373381411411411568e+00 6.549198484271771717e-19
1.380388408408408596e+00 2.112229590960594256e-19
1.387395405405405624e+00 6.788813880554768354e-20
1.394402402402402652e+00 2.175027140239566406e-20
1.401409399399399680e+00 6.948122577209490914e-21
1.408416396396396708e+00 2.213666837541858093e-21
1.415423393393393514e+00 7.035664675068071276e-22
1.422430390390390542e+00 2.231250959674837484e-22
1.429437387387387570e+00 7.062213091649679921e-23
1.436444384384384598e+00 2.231400419871085315e-23
1.443451381381381626e+00 7.039637478406230658e-24
1.450458378378378654e+00 2.217929267396175118e-24
1.457465375375375682e+00 6.979994164541711145e-25
1.464472372372372488e+00 2.194596588910946614e-25
1.471479369369369516e+00 6.894868097294683535e-26
1.478486366366366545e+00 2.164937405630831678e-26
1.485493363363363573e+00 6.794955034069596458e-27
1.492500360360360601e+00 2.132164803323981192e-27
1.499507357357357629e+00 6.689850291590449238e-28
1.506514354354354657e+00 2.099130769927715876e-28
1.513521351351351463e+00 6.588001286755877406e-29
1.520528348348348491e+00 2.068331935965590080e-29
1.527535345345345519e+00 6.496781121705058026e-30
1.534542342342342547e+00 2.041947417703575130e-30
1.541549339339339575e+00 6.422645985554514285e-31
1.548556336336336603e+00 2.021898224820133196e-31
1.555563333333333631e+00 6.371347335119034269e-32
1.562570330330330659e+00 2.009920460185633206e-32
1.569577327327327465e+00 6.348178747164359917e-33
1.576584324324324493e+00 2.007647334885294513e-33
1.583591321321321521e+00 6.358245898085222519e-34
1.590598318318318549e+00 2.016697606514069971e-34
1.597605315315315577e+00 6.406755862302231321e-35
1.604612312312312605e+00 2.038770356844901805e-35
1.611619309309309633e+00 6.499328827048289405e-36
1.618626306306306439e+00 2.075748109703305190e-36
1.625633303303303467e+00 6.642341706442941454e-37
1.632640300300300495e+00 2.129812284713003727e-37
1.639647297297297523e+00 6.843319520295632491e-38
1.646654294294294552e+00 2.203577078669316818e-38
1.653661291291291580e+00 7.111397469795514161e-39
1.660668288288288608e+00 2.300250307780731543e-39
1.667675285285285414e+00 7.457885259791646928e-40
1.674682282282282442e+00 2.423832840025691543e-40
1.681689279279279470e+00 7.896976497295244028e-41
1.688696276276276498e+00 2.579372400995115735e-41
1.695703273273273526e+00 8.446661418640012294e-42
1.702710270270270554e+00 2.773293297174810379e-42
1.709717267267267582e+00 9.129922811857102149e-43
1.716724264264264610e+00 3.013831738685910711e-43
1.723731261261261416e+00 9.976325726955819244e-44
1.730738258258258444e+00 3.311618071264417163e-44
1.737745255255255472e+00 1.102415565898602304e-44
1.744752252252252500e+00 3.680463977939472208e-45
1.751759249249249528e+00 1.232332363733007526e-45
1.758766246246246556e+00 4.138437013878420603e-46
1.765773243243243584e+00 1.393934946568621817e-46
1.772780240240240390e+00 4.709340343356092831e-47
1.779787237237237418e+00 1.595887042609112774e-47
1.786794234234234446e+00 5.424767787682251803e-48
1.793801231231231474e+00 1.849732368760003857e-48
1.800808228228228502e+00 6.326981718151787071e-49
1.807815225225225531e+00 2.170974957382181061e-49
1.814822222222222559e+00 7.472976949970947399e-50
1.821829219219219365e+00 2.580611094547088114e-50
1.828836216216216393e+00 8.940267799936145026e-51
1.835843213213213421e+00 3.107320099954034599e-51
1.842850210210210449e+00 1.083519943201731512e-51
1.849857207207207477e+00 3.790624298541990923e-52
1.856864204204204505e+00 1.330498828982890025e-52
1.863871201201201533e+00 4.685486883027218535e-53
1.870878198198198339e+00 1.655531886177459533e-53
1.877885195195195367e+00 5.869061553780162130e-54
1.884892192192192395e+00 2.087629187716379741e-54
1.891899189189189423e+00 7.450690685185417817e-55
1.898906186186186451e+00 2.668103680147933294e-55
1.905913183183183479e+00 9.586851749063983519e-56
1.912920180180180507e+00 3.456370222847859333e-56
1.919927177177177535e+00 1.250370964698632929e-56
1.926934174174174341e+00 4.538736839103528300e-57
1.933941171171171369e+00 1.653146781471524380e-57
1.940948168168168397e+00 6.041859240771918868e-58
1.947955165165165425e+00 2.215719332077120099e-58
1.954962162162162453e+00 8.153531239478572763e-59
1.961969159159159481e+00 3.010684125109424581e-59
1.968976156156156510e+00 1.115512514539134525e-59
1.975983153153153316e+00 4.147387179847075576e-60
1.982990150150150344e+00 1.547271122929298562e-60
1.989997147147147372e+00 5.792293318419106394e-61
1.997004144144144400e+00 2.175841738947428064e-61
2.004011141141141206e+00 8.201566474660258074e-62
2.011018138138138234e+00 3.102122616514668052e-62
2.018025135135135262e+00 1.177371285773562224e-62
2.025032132132132290e+00 4.483939326912932095e-63
2.032039129129129318e+00 1.713551270458243756e-63
2.039046126126126346e+00 6.570896956006008020e-64
2.046053123123123374e+00 2.528373863369100350e-64
2.053060120120120402e+00 9.762155843277116771e-65
2.060067117117117430e+00 3.782130798334141344e-65
2.067074114114114458e+00 1.470320810132267025e-65
2.074081111111111486e+00 5.735491566369318072e-66
2.081088108108108514e+00 2.244968457760262786e-66
2.088095105105105542e+00 8.817162083620361814e-67
2.095102102102102570e+00 3.474754864273588632e-67
2.102109099099099154e+00 1.374022771451931025e-67
2.109116096096096182e+00 5.451745991341949816e-68
2.116123093093093210e+00 2.170434098841357639e-68
2.123130090090090238e+00 8.670101148394260757e-69
2.130137087087087266e+00 3.475085035172719121e-69
2.137144084084084295e+00 1.397550301735658188e-69
2.144151081081081323e+00 5.639324929743319801e-70
2.151158078078078351e+00 2.283185828317527287e-70
2.158165075075075379e+00 9.274843356470739856e-71
2.165172072072072407e+00 3.780242864094697900e-71
2.172179069069069435e+00 1.545884831535416225e-71
2.179186066066066463e+00 6.342716695638012424e-72
2.186193063063063491e+00 2.611022283698335876e-72
2.193200060060060519e+00 1.078398287923164421e-72
2.200207057057057547e+00 4.468660157823829182e-73
2.207214054054054131e+00 1.857809143887237174e-73
2.214221051051051159e+00 7.749015417955512711e-74
2.221228048048048187e+00 3.242720929519772687e-74
2.228235045045045215e+00 1.361401227927547722e-74
2.235242042042042243e+00 5.734189533447012320e-75
2.242249039039039271e+00 2.423053810222897710e-75
2.249256036036036299e+00 1.027199719127412203e-75
2.256263033033033327e+00 4.368609191348170382e-76
2.263270030030030355e+00 1.863904114877246286e-76
2.270277027027027383e+00 7.977954503659977442e-77
2.277284024024024411e+00 3.425647394542082138e-77
2.284291021021021439e+00 1.475612512673914573e-77
2.291298018018018468e+00 6.376406203533990783e-78
2.298305015015015496e+00 2.764069533486651045e-78
2.305312012012012524e+00 1.201950606472375791e-78
2.312319009009009108e+00 5.243052844752178120e-79
2.319326006006006136e+00 2.294230553065338111e-79
2.326333003003003164e+00 1.007025139173864431e-79
2.333340000000000192e+00 4.433933565041937380e-80
2.340346996996997220e+00 1.958298196538155039e-80
2.347353993993994248e+00 8.675696836615555258e-81
2.354360990990991276e+00 3.855324288385415688e-81
2.361367987987988304e+00 1.718476275047024043e-81
2.368374984984985332e+00 7.683291313481867442e-82
2.375381981981982360e+00 3.445618756781144248e-82
2.382388978978979388e+00 1.549880879830724111e-82
2.389395975975976416e+00 6.992550067819945600e-83
2.396402972972973444e+00 3.164273318632148300e-83
2.403409969969970472e+00 1.436178735873086731e-83
2.410416966966967056e+00 6.537836217950056229e-84
2.417423963963964084e+00 2.985008361040506328e-84
2.424430960960961112e+00 1.366903812930853790e-84
2.431437957957958140e+00 6.277780859367019338e-85
2.438444954954955168e+00 2.891645418361418111e-85
2.445451951951952196e+00 1.335824792434633860e-85
2.452458948948949224e+00 6.188913557028613715e-86
2.459465945945946252e+00 2.875640962556955755e-86
2.466472942942943281e+00 1.340000930030733919e-86
2.473479939939940309e+00 6.262108580860007987e-87
2.480486936936937337e+00 2.934783042757017540e-87
2.487493933933934365e+00 1.379323630886702156e-87
2.494500930930931393e+00 6.501086935315700529e-88
2.501507927927928421e+00 3.072771341505802860e-88
2.508514924924925449e+00 1.456444159504503581e-88
2.515521921921922033e+00 6.922637800710086554e-89
2.522528918918919061e+00 3.299578085195356326e-89
2.529535915915916089e+00 1.577063195590561042e-89
2.536542912912913117e+00 7.558550618692388599e-90
2.543549909909910145e+00 3.632633299707233640e-90
2.550556906906907173e+00 1.750624748977881902e-90
2.557563903903904201e+00 8.459562605287652665e-91
2.564570900900901229e+00 4.099028805225614167e-91
2.571577897897898257e+00 1.991531271707016487e-91
2.578584894894895285e+00 9.702000156206288919e-92
2.585591891891892313e+00 4.739126563406303354e-92
2.592598888888889341e+00 2.321096108058543478e-92
2.599605885885886369e+00 1.139831455203550806e-92
2.606612882882883397e+00 5.612234005821698507e-93
2.613619879879880425e+00 2.770597594564483617e-93
2.620626876876877009e+00 1.371350986129178066e-93
2.627633873873874037e+00 6.805440352002687948e-94
2.634640870870871066e+00 3.386033414490584520e-94
2.641647867867868094e+00 1.689073771065317102e-94
2.648654864864865122e+00 8.447405662496674527e-95
2.655661861861862150e+00 4.235556038551538571e-95
2.662668858858859178e+00 2.129143192718053874e-95
2.669675855855856206e+00 1.073004850998425927e-95
2.676682852852853234e+00 5.421206001295099497e-96
2.683689849849850262e+00 2.745886563389594368e-96
2.690696846846847290e+00 1.394301806698395562e-96
2.697703843843844318e+00 7.097633650801585966e-97
2.704710840840841346e+00 3.621996677811574482e-97
2.711717837837838374e+00 1.852914152871049353e-97
2.718724834834834958e+00 9.502337465404289837e-98
2.725731831831831986e+00 4.885045742020066165e-98
2.732738828828829014e+00 2.517474043378423472e-98
2.739745825825826042e+00 1.300513049152844802e-98
2.746752822822823070e+00 6.734617785721821556e-99
2.753759819819820098e+00 3.495867097650597636e-99
2.760766816816817126e+00 1.819013024810751115e-99
2.767773813813814154e+00 9.487479860541343346e-100
2.774780810810811182e+00 4.960155981282516155e-100
2.781787807807808210e+00 2.599348270688529667e-100
2.788794804804805239e+00 1.365380073129168135e-100
2.795801801801802267e+00 7.188824741563623911e-101
2.802808798798799295e+00 3.793785679358784734e-101
2.809815795795796323e+00 2.006751436699016902e-101
2.816822792792793351e+00 1.063936270037978754e-101
2.823829789789789935e+00 5.653719468825252909e-102
2.830836786786786963e+00 3.011236672078589527e-102
2.837843783783783991e+00 1.607470173853619467e-102
2.844850780780781019e+00 8.600501477052979451e-103
2.851857777777778047e+00 4.611931883652680705e-103
2.858864774774775075e+00 2.478652876005905457e-103
2.865871771771772103e+00 1.335112089578242099e-103
2.872878768768769131e+00 7.207496408739667080e-104
2.879885765765766159e+00 3.899521707485394823e-104
2.886892762762763187e+00 2.114433270530280101e-104
2.893899759759760215e+00 1.149020852802923753e-104
2.900906756756757243e+00 6.257612879889410025e-105
2.907913753753754271e+00 3.415324070681729354e-105
2.914920750750751299e+00 1.868070223636685424e-105
2.921927747747747883e+00 1.023972177997516599e-105
2.928934744744744911e+00 5.624869375713655484e-106
2.935941741741741939e+00 3.096433215750570986e-106
2.942948738738738967e+00 1.708172278768932633e-106
2.949955735735735995e+00 9.443174204052565812e-107
2.956962732732733024e+00 5.231382029175040866e-107
2.963969729729730052e+00 2.904174555169247223e-107
2.970976726726727080e+00 1.615595380576278852e-107
2.977983723723724108e+00 9.006206015736212693e-108
2.984990720720721136e+00 5.030907584587865531e-108
2.991997717717718164e+00 2.816059389649971760e-108
2.999004714714715192e+00 1.579516351982782554e-108
3.006011711711712220e+00 8.877468660378740547e-109
3.013018708708709248e+00 4.999571133119513969e-109
3.020025705705706276e+00 2.821310176539669366e-109
3.027032702702702860e+00 1.595288794909461834e-109
3.034039699699699888e+00 9.038453451362417837e-110
3.041046696696696916e+00 5.131108795980043809e-110
3.048053693693693944e+00 2.918680667638334668e-110
3.055060690690690972e+00 1.663474677913549004e-110
3.062067687687688000e+00 9.499397790939832973e-111
3.069074684684685028e+00 5.435284154856239223e-111
3.076081681681682056e+00 3.115952180305891130e-111
3.083088678678679084e+00 1.789772107710459145e-111
3.090095675675676112e+00 1.030004680640446514e-111
3.097102672672673140e+00 5.938972041872546109e-112
3.104109669669670168e+00 3.430916205263697112e-112
3.111116666666667196e+00 1.985783219997138671e-112
3.118123663663664225e+00 1.151523016157805759e-112
3.125130660660661253e+00 6.690039088618448854e-113
3.132137657657657837e+00 3.894001708794814825e-113
3.139144654654654865e+00 2.270760302629100693e-113
3.146151651651651893e+00 1.326631678873018179e-113
3.153158648648648921e+00 7.764788120923632173e-114
3.160165645645645949e+00 4.553080306017937902e-114
3.167172642642642977e+00 2.674691910404738053e-114
3.174179639639640005e+00 1.574096263043754494e-114
3.181186636636637033e+00 9.280560727847550585e-115
3.188193633633634061e+00 5.481493522979784706e-115
3.195200630630631089e+00 3.243409059984018688e-115
3.202207627627628117e+00 1.922556309380080996e-115
3.209214624624625145e+00 1.141635181933041230e-115
3.216221621621622173e+00 6.791144626885337605e-116
3.223228618618619201e+00 4.046899515599015205e-116
3.230235615615615785e+00 2.415806430227411380e-116
3.237242612612612813e+00 1.444636547007080431e-116
3.244249609609609841e+00 8.653829128173086166e-117
3.251256606606606869e+00 5.192874248156793097e-117
3.258263603603603897e+00 3.121430030719657692e-117
3.265270600600600925e+00 1.879499722547530072e-117
3.272277597597597953e+00 1.133627474578510238e-117
3.279284594594594981e+00 6.849115427571694495e-118
3.286291591591592010e+00 4.145064007157914660e-118
3.293298588588589038e+00 2.512796137727485179e-118
3.300305585585586066e+00 1.525840620598439495e-118
3.307312582582583094e+00 9.280762338926454203e-119
3.314319579579580122e+00 5.654280781340085617e-119
3.321326576576577150e+00 3.450539683143523726e-119
3.328333573573574178e+00 2.109159048351212850e-119
3.335340570570570762e+00 1.291341216837895167e-119
3.342347567567567790e+00 7.919154594425378104e-120
3.349354564564564818e+00 4.864290674713785144e-120
3.356361561561561846e+00 2.992677290190419150e-120
3.363368558558558874e+00 1.844152051389148257e-120
3.370375555555555902e+00 1.138221665912429024e-120
3.377382552552552930e+00 7.036344364301420492e-121
3.384389549549549958e+00 4.356666219756718611e-121
3.391396546546546986e+00 2.701750995112189137e-121
3.398403543543544014e+00 1.678097008170390078e-121
3.405410540540541042e+00 1.043918070813422549e-121
3.412417537537538070e+00 6.504146158977171724e-122
3.419424534534535098e+00 4.058687589354159183e-122
3.426431531531532126e+00 2.536584634017075113e-122
3.433438528528529154e+00 1.587736602250899708e-122
3.440445525525525738e+00 9.953364336314997886e-123
3.447452522522522766e+00 6.249146225090072522e-123
3.454459519519519795e+00 3.929414331752652606e-123
3.461466516516516823e+00 2.474505038865784306e-123
3.468473513513513851e+00 1.560627600074367528e-123
3.475480510510510879e+00 9.857293913067771924e-124
3.482487507507507907e+00 6.235347836838726647e-124
3.489494504504504935e+00 3.950074728463902326e-124
3.496501501501501963e+00 2.506043993345929156e-124
3.503508498498498991e+00 1.592237849368781378e-124
3.510515495495496019e+00 1.013118407800061740e-124
3.517522492492493047e+00 6.455689460450446739e-125
3.524529489489490075e+00 4.119574727023844897e-125
3.531536486486487103e+00 2.632610748458051756e-125
3.538543483483483687e+00 1.684777768890344807e-125
3.545550480480480715e+00 1.079735838422689424e-125
3.552557477477477743e+00 6.929606237327084314e-126
3.559564474474474771e+00 4.453618239992709943e-126
3.566571471471471799e+00 2.866342362019344729e-126
3.573578468468468827e+00 1.847357951323855249e-126
3.580585465465465855e+00 1.192282717270852658e-126
3.587592462462462883e+00 7.705661834808004175e-127
3.594599459459459911e+00 4.987012545086503722e-127
3.601606456456456939e+00 3.231975961832250373e-127
3.608613453453453968e+00 2.097443511319237030e-127
3.615620450450450996e+00 1.363026412963961188e-127
3.622627447447448024e+00 8.869670559470021187e-128
3.629634444444445052e+00 5.779593738034258678e-128
3.636641441441442080e+00 3.771126830114536809e-128
3.643648438438438664e+00 2.463918757629294395e-128
3.650655435435435692e+00 1.611983062771608391e-128
3.657662432432432720e+00 1.056016858708802820e-128
3.664669429429429748e+00 6.927156034180309784e-129
3.671676426426426776e+00 4.549988499246226920e-129
3.678683423423423804e+00 2.992501105791925778e-129
3.685690420420420832e+00 1.970718200851121196e-129
3.692697417417417860e+00 1.299506427293998764e-129
3.699704414414414888e+00 8.580123804475814535e-130
3.706711411411411916e+00 5.672407606216491480e-130
3.713718408408408944e+00 3.754893375289102918e-130
3.720725405405405972e+00 2.488752168989083826e-130
3.727732402402403000e+00 1.651646617652875982e-130
3.734739399399400028e+00 1.097492697305539778e-130
3.741746396396396612e+00 7.301847735681410332e-131
3.748753393393393640e+00 4.864163286286909123e-131
3.755760390390390668e+00 3.244332702108457717e-131
3.762767387387387696e+00 2.166616903988976321e-131
3.769774384384384724e+00 1.448691879679513994e-131
3.776781381381381753e+00 9.698503875086599502e-132
3.783788378378378781e+00 6.500787306784507784e-132
3.790795375375375809e+00 4.362720136189822568e-132
3.797802372372372837e+00 2.931410483060923060e-132
3.804809369369369865e+00 1.972066323624286726e-132
3.811816366366366893e+00 1.328280265604000721e-132
3.818823363363363921e+00 8.957338455287442146e-133
3.825830360360360949e+00 6.047655703775338837e-133
3.832837357357357977e+00 4.088007690055789063e-133
3.839844354354355005e+00 2.766627530273026543e-133
3.846851351351351589e+00 1.874570654399652277e-133
3.853858348348348617e+00 1.271636135046924529e-133
3.860865345345345645e+00 8.636377987978205034e-134
3.867872342342342673e+00 5.872269496080096204e-134
3.874879339339339701e+00 3.997456090217643196e-134
3.881886336336336729e+00 2.724348460054999259e-134
3.888893333333333757e+00 1.858834369625998225e-134
3.895900330330330785e+00 1.269742578120881897e-134
3.902907327327327813e+00 8.683313880571054886e-135
3.909914324324324841e+00 5.944947633751164946e-135
3.916921321321321869e+00 4.074752014152586621e-135
3.923928318318318897e+00 2.796036649013982610e-135
3.930935315315315925e+00 1.920750632370253189e-135
3.937942312312312954e+00 1.320941216891861836e-135
3.944949309309309982e+00 9.094489447736168756e-136
3.951956306306306566e+00 6.268352845300938618e-136
3.958963303303303594e+00 4.325205946430896524e-136
3.965970300300300622e+00 2.987695747235372481e-136
3.972977297297297650e+00 2.066046796110095718e-136
3.979984294294294678e+00 1.430263791683738931e-136
3.986991291291291706e+00 9.912024051557653819e-137
3.993998288288288734e+00 6.876647791250151204e-137
4.001005285285285318e+00 4.775924744970598690e-137
4.008012282282281902e+00 3.320492223519513341e-137
4.015019279279279374e+00 2.311052482605149872e-137
4.022026276276275958e+00 1.610191599422941023e-137
4.029033273273273430e+00 1.123062128495587766e-137
4.036040270270270014e+00 7.841272838603863846e-138
4.043047267267267486e+00 5.480548126435037868e-138
4.050054264264264070e+00 3.834547952532229493e-138
4.057061261261261542e+00 2.685685827986516671e-138
4.064068258258258126e+00 1.882977880565719917e-138
4.071075255255255598e+00 1.321546154857545650e-138
4.078082252252252182e+00 9.284632062342710246e-139
4.085089249249249654e+00 6.529658296431160267e-139
4.092096246246246238e+00 4.596822821517507446e-139
4.099103243243243710e+00 3.239401627237822913e-139
4.106110240240240294e+00 2.285123761685197987e-139
4.113117237237236878e+00 1.613580894180451370e-139
4.120124234234234351e+00 1.140528238426563188e-139
4.127131231231230934e+00 8.069633877178154646e-140
4.134138228228228407e+00 5.715211726322415310e-140
4.141145225225224991e+00 4.051722991358676698e-140
4.148152222222222463e+00 2.875241514617776502e-140
4.155159219219219047e+00 2.042369521356192325e-140
4.162166216216216519e+00 1.452171699920156346e-140
4.169173213213213103e+00 1.033531067684109600e-140
4.176180210210210575e+00 7.362906609069306329e-141
4.183187207207207159e+00 5.250413596687328578e-141
4.190194204204204631e+00 3.747610920525451526e-141
4.197201201201201215e+00 2.677506466380971183e-141
4.204208198198197799e+00 1.914784569793836070e-141
4.211215195195195271e+00 1.370632363581406141e-141
4.218222192192191855e+00 9.820464741646261705e-142
4.225229189189189327e+00 7.042898445329094964e-142
4.232236186186185911e+00 5.055655567669750847e-142
4.239243183183183383e+00 3.632524455191457459e-142
4.246250180180179967e+00 2.612419926737572638e-142
4.253257177177177439e+00 1.880525241487710525e-142
4.260264174174174023e+00 1.354925632526115278e-142
4.267271171171171495e+00 9.771252703636095513e-143
4.274278168168168079e+00 7.053130453105302108e-143
4.281285165165165552e+00 5.095758901734275680e-143
4.288292162162162136e+00 3.684932338759800957e-143
4.295299159159159608e+00 2.667118242930474035e-143
4.302306156156156192e+00 1.932170962450152584e-143
4.309313153153152776e+00 1.400998893928405540e-143
4.316320150150150248e+00 1.016757613866048887e-143
4.323327147147146832e+00 7.385551327043030555e-144
4.330334144144144304e+00 5.369485942887792746e-144
4.337341141141140888e+00 3.907196590809927999e-144
4.344348138138138360e+00 2.845634071305806778e-144
4.351355135135134944e+00 2.074304714935565369e-144
4.358362132132132416e+00 1.513366989789091915e-144
4.365369129129129000e+00 1.105077286317889010e-144
4.372376126126126472e+00 8.076370679194720276e-145
4.379383123123123056e+00 5.907633416566006176e-145
4.386390120120120528e+00 4.324969548883877321e-145
4.393397117117117112e+00 3.169007845434821684e-145
4.400404114114114584e+00 2.323982486364196629e-145
4.407411111111111168e+00 1.705729664786330204e-145
4.414418108108107752e+00 1.253008206424025042e-145
4.421425105105105224e+00 9.212182714358885462e-146
4.428432102102101808e+00 6.778516331207403982e-146
4.435439099099099280e+00 4.991933532246456679e-146
4.442446096096095864e+00 3.679286106369871264e-146
4.449453093093093337e+00 2.714048025902372943e-146
4.456460090090089921e+00 2.003684262921234351e-146
4.463467087087087393e+00 1.480462576339639702e-146
4.470474084084083977e+00 1.094764159869010610e-146
4.477481081081081449e+00 8.102094612543096333e-147
4.484488078078078033e+00 6.001036507352318624e-147
4.491495075075075505e+00 4.448422931567122456e-147
4.498502072072072089e+00 3.300162672833282472e-147
4.505509069069069561e+00 2.450263201286564459e-147
4.512516066066066145e+00 1.820693683279955348e-147
4.519523063063062729e+00 1.353961896958668207e-147
4.526530060060060201e+00 1.007674033735046627e-147
4.533537057057056785e+00 7.505444627119004512e-148
4.540544054054054257e+00 5.594666293126513591e-148
4.547551051051050841e+00 4.173611607077428926e-148
4.554558048048048313e+00 3.115936819411824054e-148
4.561565045045044897e+00 2.328105801292177438e-148
4.568572042042042369e+00 1.740816278232282785e-148
4.575579039039038953e+00 1.302680839483217507e-148
4.582586036036036425e+00 9.755660590833806290e-149
4.589593033033033009e+00 7.311519237027476275e-149
4.596600030030030481e+00 5.483900702981361781e-149
4.603607027027027065e+00 4.116245587217255272e-149
4.610614024024024538e+00 3.092013987444708717e-149
4.617621021021021122e+00 2.324389150308354006e-149
4.624628018018017706e+00 1.748647194193419879e-149
4.631635015015015178e+00 1.316498205588307501e-149
4.638642012012011762e+00 9.918861549821834367e-150
4.645649009009009234e+00 7.478691732879706203e-150
4.652656006006005818e+00 5.643005268724628060e-150
4.659663003003003290e+00 4.261034762891140568e-150
4.666669999999999874e+00 3.219869582287374776e-150
4.673676996996997346e+00 2.434887265091584727e-150
4.680683993993993930e+00 1.842619251038334945e-150
4.687690990990991402e+00 1.395427641046331722e-150
4.694697987987987986e+00 1.057530295556792347e-150
4.701704984984985458e+00 8.020305418759131705e-151
4.708711981981982042e+00 6.086959447104130527e-151
4.715718978978978626e+00 4.622960125542562373e-151
4.722725975975976098e+00 3.513572790343697290e-151
4.729732972972972682e+00 2.672302807751366318e-151
4.736739969969970154e+00 2.033897807145376168e-151
4.743746966966966738e+00 1.549095467758263047e-151
4.750753963963964210e+00 1.180678587505753300e-151
4.757760960960960794e+00 9.005099134757370409e-152
4.764767957957958266e+00 6.873017998553346142e-152
4.771774954954954850e+00 5.249373879702416847e-152
4.778781951951952323e+00 4.012060262691795838e-152
4.785788948948948907e+00 3.068500420864338106e-152
4.792795945945946379e+00 2.348456988513616814e-152
4.799802942942942963e+00 1.798604225222319027e-152
4.806809939939940435e+00 1.378427980282000713e-152
4.813816936936937019e+00 1.057126415506921893e-152
4.820823933933933603e+00 8.112655823532287974e-153
4.827830930930931075e+00 6.230047703236466083e-153
4.834837927927927659e+00 4.787522237752093874e-153
4.841844924924925131e+00 3.681461568048358259e-153
4.848851921921921715e+00 2.832818178142297986e-153
4.855858918918919187e+00 2.181247898866925404e-153
4.862865915915915771e+00 1.680653504195656943e-153
4.869872912912913243e+00 1.295797453234476297e-153
4.876879909909909827e+00 9.997255335118306502e-154
4.883886906906907299e+00 7.718059557917871817e-154
4.890893903903903883e+00 5.962358754346076188e-154
4.897900900900901355e+00 4.609031567287145563e-154
4.904907897897897939e+00 3.565183022629829904e-154
4.911914894894895411e+00 2.759519823794352278e-154
4.918921891891891995e+00 2.137291340051432315e-154
4.925928888888888579e+00 1.656423700084508163e-154
4.932935885885886051e+00 1.284563668942398352e-154
4.939942882882882635e+00 9.968167232898117194e-155
4.946949879879880108e+00 7.740151736019669900e-155
4.953956876876876692e+00 6.013912624259426507e-155
4.960963873873874164e+00 4.675598816185719024e-155
4.967970870870870748e+00 3.637381584457370843e-155
4.974977867867868220e+00 2.831463716290134317e-155
4.981984864864864804e+00 2.205477702724923213e-155
4.988991861861862276e+00 1.718948639822668114e-155
4.995998858858858860e+00 1.340573770772048140e-155
5.003005855855856332e+00 1.046128796692106526e-155
5.010012852852852916e+00 8.168555359376824520e-156
5.017019849849850388e+00 6.382194857809938745e-156
5.024026846846846972e+00 4.989518228751803266e-156
5.031033843843843556e+00 3.903102623639997429e-156
5.038040840840841028e+00 3.055084212381225287e-156
5.045047837837837612e+00 2.392749980000072339e-156
5.052054834834835084e+00 1.875130255709391997e-156
5.059061831831831668e+00 1.470363168622828239e-156
5.066068828828829140e+00 1.153654906179258833e-156
5.073075825825825724e+00 9.057001193246152666e-157
5.080082822822823196e+00 7.114579235908499196e-157
5.087089819819819780e+00 5.592028685023518619e-157
5.094096816816817253e+00 4.397886587645901545e-157
5.101103813813813836e+00 3.460765882828905815e-157
5.108110810810811309e+00 2.724915723334354908e-157
5.115117807807807893e+00 2.146770858576415817e-157
5.122124804804805365e+00 1.692268136780974983e-157
5.129131801801801949e+00 1.334758343685465725e-157
5.136138798798798533e+00 1.053380338458495872e-157
5.143145795795796005e+00 8.317943911612542210e-158
5.150152792792792589e+00 6.571947825409136365e-158
5.157159789789790061e+00 5.195396453717721428e-158
5.164166786786786645e+00 4.109499000612411533e-158
5.171173783783784117e+00 3.252398853033999472e-158
5.178180780780780701e+00 2.575506162175750312e-158
5.185187777777778173e+00 2.040630647321939968e-158
5.192194774774774757e+00 1.617738723209672373e-158
5.199201771771772229e+00 1.283197998414062567e-158
5.206208768768768813e+00 1.018402453582270025e-158
5.213215765765766285e+00 8.086951350124217643e-159
5.220222762762762869e+00 6.425235005030660128e-159
5.227229759759760341e+00 5.107767993226069502e-159
5.234236756756756925e+00 4.062659620754054869e-159
5.241243753753753509e+00 3.233151211332617892e-159
5.248250750750750981e+00 2.574406226436319657e-159
5.255257747747747565e+00 2.050986495053278913e-159
5.262264744744745038e+00 1.634866792769953936e-159
5.269271741741741621e+00 1.303872067389424564e-159
5.276278738738739094e+00 1.040446659985267410e-159
5.283285735735735678e+00 8.306844581975211175e-160
5.290292732732733150e+00 6.635642429329820762e-160
5.297299729729729734e+00 5.303464851326940249e-160
5.304306726726727206e+00 4.240972442621439594e-160
5.311313723723723790e+00 3.393121825028150522e-160
5.318320720720721262e+00 2.716194812505988371e-160
5.325327717717717846e+00 2.175449751973823643e-160
5.332334714714714430e+00 1.743263740023168588e-160
5.339341711711711902e+00 1.397662333300421054e-160
5.346348708708708486e+00 1.121155307945760419e-160
5.353355705705705958e+00 8.998142713315329915e-161
5.360362702702702542e+00 7.225414973412215647e-161
5.367369699699700014e+00 5.804900354204684489e-161
5.374376696696696598e+00 4.666035533056703270e-161
5.381383693693694070e+00 3.752509994550245045e-161
5.388390690690690654e+00 3.019363948407437845e-161
5.395397687687688126e+00 2.430681839405916036e-161
5.402404684684684710e+00 1.957758263167153918e-161
5.409411681681682182e+00 1.577638775739828830e-161
5.416418678678678766e+00 1.271958367628024204e-161
5.423425675675676239e+00 1.026016404894001456e-161
5.430432672672672823e+00 8.280395186602494010e-162
5.437439669669669406e+00 6.685939563662545789e-162
5.444446666666666879e+00 5.401168501109833403e-162
5.451453663663663463e+00 4.365421480334347875e-162
5.458460660660660935e+00 3.530019398809029218e-162
5.465467657657657519e+00 2.855878606247016860e-162
5.472474654654654991e+00 2.311603916513200690e-162
5.479481651651651575e+00 1.871963678407229191e-162
5.486488648648649047e+00 1.516669752026006125e-162
5.493495645645645631e+00 1.229400939751425549e-162
5.500502642642643103e+00 9.970209028878771184e-163
5.507509639639639687e+00 8.089515220388926704e-163
5.514516636636637159e+00 6.566705584010774354e-163
5.521523633633633743e+00 5.333087617055255719e-163
5.528530630630631215e+00 4.333265794233120137e-163
5.535537627627627799e+00 3.522546134583201809e-163
5.542544624624624383e+00 2.864851530634113783e-163
5.549551621621621855e+00 2.331046513880204523e-163
5.556558618618618439e+00 1.897590391522248495e-163
5.563565615615615911e+00 1.545453867307897090e-163
5.570572612612612495e+00 1.259247183373189422e-163
5.577579609609609967e+00 1.026518149681560307e-163
5.584586606606606551e+00 8.371866878086598910e-164
5.591593603603604024e+00 6.830891242510375880e-164
5.598600600600600607e+00 5.576107579899379061e-164
5.605607597597598080e+00 4.553894629694585230e-164
5.612614594594594664e+00 3.720764799520254074e-164
5.619621591591592136e+00 3.041432726144263013e-164
5.626628588588588720e+00 2.487255044010028358e-164
5.633635585585586192e+00 2.034969430834328529e-164
5.640642582582582776e+00 1.665675050886678734e-164
5.647649579579579360e+00 1.364007801033879223e-164
5.654656576576576832e+00 1.117472831485480404e-164
5.661663573573573416e+00 9.159041016242259669e-165
5.668670570570570888e+00 7.510265929160358460e-165
5.675677567567567472e+00 6.161015171955265940e-165
5.682684564564564944e+00 5.056386551603386358e-165
5.689691561561561528e+00 4.151630174694325921e-165
5.696698558558559000e+00 3.410254843990189723e-165
5.703705555555555584e+00 2.802490658819135551e-165
5.710712552552553056e+00 2.304040252960463350e-165
5.717719549549549640e+00 1.895064025513529038e-165
5.724726546546547112e+00 1.559355150787686138e-165
5.731733543543543696e+00 1.283668576679447470e-165
5.738740540540541168e+00 1.057175026595157901e-165
5.745747537537537752e+00 8.710165209606219456e-166
5.752754534534534336e+00 7.179443828111615737e-166
5.759761531531531809e+00 5.920242908870021062e-166
5.766768528528528392e+00 4.883958565993284495e-166
5.773775525525525865e+00 4.030765599891177198e-166
5.780782522522522449e+00 3.328017906598640735e-166
5.787789519519519921e+00 2.748942883581155943e-166
5.794796516516516505e+00 2.271575335995106905e-166
5.801803513513513977e+00 1.877886573644143068e-166
5.808810510510510561e+00 1.553072655427601333e-166
5.815817507507508033e+00 1.284972449669123237e-166
5.822824504504504617e+00 1.063591630209269741e-166
5.829831501501502089e+00 8.807131580403165532e-167
5.836838498498498673e+00 7.295783995765342414e-167
5.843845495495495257e+00 6.046259616188276126e-167
5.850852492492492729e+00 5.012777062507699924e-167
5.857859489489489313e+00 4.157633488197077340e-167
5.864866486486486785e+00 3.449766219386101181e-167
5.871873483483483369e+00 2.863572754932631874e-167
5.878880480480480841e+00 2.377942316466854725e-167
5.885887477477477425e+00 1.975460691861637158e-167
5.892894474474474897e+00 1.641757093019355735e-167
5.899901471471471481e+00 1.364967443026687689e-167
5.906908468468468953e+00 1.135293156576545182e-167
5.913915465465465537e+00 9.446382745745754093e-168
5.920922462462463010e+00 7.863109164186508882e-168
5.927929459459459594e+00 6.547775496227820971e-168
5.934936456456457066e+00 5.454606505116248341e-168
5.941943453453453650e+00 4.545720265443155773e-168
5.948950450450450234e+00 3.789754596155276789e-168
5.955957447447447706e+00 3.160734668197763596e-168
5.962964444444444290e+00 2.637139066291686165e-168
5.969971441441441762e+00 2.201129217399254647e-168
5.976978438438438346e+00 1.837913356001493376e-168
5.983985435435435818e+00 1.535221328342832948e-168
5.990992432432432402e+00 1.282870748461637547e-168
5.997999429429429874e+00 1.072408474898769652e-168
6.005006426426426458e+00 8.968142148632797636e-169
6.012013423423423930e+00 7.502553938128021422e-169
6.019020420420420514e+00 6.278843441397689565e-169
6.026027417417417986e+00 5.256704415886447331e-169
6.033034414414414570e+00 4.402611133183762776e-169
6.040041411411412042e+00 3.688667072337045624e-169
6.047048408408408626e+00 3.091650893836248150e-169
6.054055405405405210e+00 2.592225584965915079e-169
6.061062402402402682e+00 2.174282616832297454e-169
6.068069399399399266e+00 1.824397856169766942e-169
6.075076396396396738e+00 1.531380016782499515e-169
6.082083393393393322e+00 1.285895768700247387e-169
6.089090390390390795e+00 1.080158373086599154e-169
6.096097387387387379e+00 9.076689805809695946e-170
6.103104384384384851e+00 7.630016046854182892e-170
6.110111381381381435e+00 6.416243296264333807e-170
6.117118378378378907e+00 5.397505910541797184e-170
6.124125375375375491e+00 4.542154251148252932e-170
6.131132372372372963e+00 3.823724556220008631e-170
6.138139369369369547e+00 3.220081122105985618e-170
6.145146366366367019e+00 2.712701707985185664e-170
6.152153363363363603e+00 2.286082031059823679e-170
6.159160360360360187e+00 1.927239322739455273e-170
6.166167357357357659e+00 1.625298315411707691e-170
6.173174354354354243e+00 1.371145846578827811e-170
6.180181351351351715e+00 1.157142602850492517e-170
6.187188348348348299e+00 9.768824635295733723e-171
6.194195345345345771e+00 8.249915108742741009e-171
6.201202342342342355e+00 6.969601082463273492e-171
6.208209339339339827e+00 5.890025551030015746e-171
6.215216336336336411e+00 4.979397479202050826e-171
6.222223333333333883e+00 4.211010406901230211e-171
6.229230330330330467e+00 3.562421341667897059e-171
6.236237327327327939e+00 3.014763514927529765e-171
6.243244324324324523e+00 2.552170974363747181e-171
6.250251321321321996e+00 2.161296642702983557e-171
6.257258318318318580e+00 1.830908518300708447e-171
6.264265315315315164e+00 1.551551228655195373e-171
6.271272312312312636e+00 1.315262260339055058e-171
6.278279309309309220e+00 1.115333949134064920e-171
6.285286306306306692e+00 9.461137815894633495e-172
6.292293303303303276e+00 8.028367829519575626e-172
6.299300300300300748e+00 6.814847872755418663e-172
6.306307297297297332e+00 5.786682374408235885e-172
6.313314294294294804e+00 4.915268740029686264e-172
6.320321291291291388e+00 4.176462657056473681e-172
6.327328288288288860e+00 3.549876306494952674e-172
6.334335285285285444e+00 3.018288117329185167e-172
6.341342282282282916e+00 2.567146166009664221e-172
6.348349279279279500e+00 2.184150222027944000e-172
6.355356276276276084e+00 1.858899865463058320e-172
6.362363273273273556e+00 1.582598131625470294e-172
6.369370270270270140e+00 1.347801836661777703e-172
6.376377267267267612e+00 1.148211160540803110e-172
6.383384264264264196e+00 9.784922555145980984e-173
6.390391261261261668e+00 8.341276467651474896e-173
6.397398258258258252e+00 7.112900290561808461e-173
6.404405255255255724e+00 6.067357651749934217e-173
6.411412252252252308e+00 5.177149807879157278e-173
6.418419249249249781e+00 4.418956444383281916e-173
6.425426246246246365e+00 3.772994361739370209e-173
6.432433243243243837e+00 3.222475565536880701e-173
6.439440240240240421e+00 2.753149203160978070e-173
6.446447237237237893e+00 2.352914247885361908e-173
6.453454234234234477e+00 2.011491897161830507e-173
6.460461231231231061e+00 1.720148388987580491e-173
6.467468228228228533e+00 1.471460401267579812e-173
6.474475225225225117e+00 1.259116428338932014e-173
6.481482222222222589e+00 1.077748563408205465e-173
6.488489219219219173e+00 9.227899866719303612e-174
6.495496216216216645e+00 7.903541924534359314e-174
6.502503213213213229e+00 6.771326066796869599e-174
6.509510210210210701e+00 5.803077668262936194e-174
6.516517207207207285e+00 4.974796754948336736e-174
6.523524204204204757e+00 4.266033090168986915e-174
6.530531201201201341e+00 3.659355747840943547e-174
6.537538198198198813e+00 3.139902745328221164e-174
6.544545195195195397e+00 2.694998532525223336e-174
6.551552192192192869e+00 2.313829012061389762e-174
6.558559189189189453e+00 1.987165351876421001e-174
6.565566186186186037e+00 1.707129191720517758e-174
6.572573183183183509e+00 1.466992977911234018e-174
6.579580180180180093e+00 1.261010118345949810e-174
6.586587177177177566e+00 1.084270459668614806e-174
6.593594174174174150e+00 9.325772736244183650e-175
6.600601171171171622e+00 8.023425194096356873e-175
6.607608168168168206e+00 6.904976395980249599e-175
6.614615165165165678e+00 5.944175627800360718e-175
6.621622162162162262e+00 5.118559380355888189e-175
6.628629159159159734e+00 4.408899245826850268e-175
6.635636156156156318e+00 3.798731127001201159e-175
6.642643153153153790e+00 3.273953663044605305e-175
6.649650150150150374e+00 2.822485592848769556e-175
6.656657147147147846e+00 2.433973318571076363e-175
6.663664144144144430e+00 2.099541240110311380e-175
6.670671141141141014e+00 1.811578541648835022e-175
6.677678138138138486e+00 1.563557054191113948e-175
6.684685135135135070e+00 1.349875618796758666e-175
6.691692132132132542e+00 1.165727055530501884e-175
6.698699129129129126e+00 1.006984421328318590e-175
6.705706126126126598e+00 8.701037314885068012e-176
6.712713123123123182e+00 7.520407374604928319e-176
6.719720120120120654e+00 6.501797091248214823e-176
6.726727117117117238e+00 5.622724722637041078e-176
6.733734114114114711e+00 4.863862093841623070e-176
6.740741111111111294e+00 4.208587512571779161e-176
6.747748108108108767e+00 3.642602732076781088e-176
6.754755105105105351e+00 3.153604692135115068e-176
6.761762102102102823e+00 2.731004123764553250e-176
6.768769099099099407e+00 2.365684258295999333e-176
6.775776096096095991e+00 2.049793866229642690e-176
6.782783093093093463e+00 1.776569691178338822e-176
6.789790090090090047e+00 1.540184060715305709e-176
6.796797087087087519e+00 1.335614067387101581e-176
6.803804084084084103e+00 1.158529235084935649e-176
6.810811081081081575e+00 1.005195031612249838e-176
6.817818078078078159e+00 8.723899689190702145e-177
6.824825075075075631e+00 7.573343576516330544e-177
6.831832072072072215e+00 6.576290605654045585e-177
6.838839069069069687e+00 5.712028268992422772e-177
6.845846066066066271e+00 4.962669929316925178e-177
6.852853063063063743e+00 4.312765076725933021e-177
6.859860060060060327e+00 3.748963912790616509e-177
6.866867057057057799e+00 3.259728609868412550e-177
6.873874054054054383e+00 2.835084682354764304e-177
6.880881051051050967e+00 2.466406839031016249e-177
6.887888048048048439e+00 2.146234484254617788e-177
6.894895045045045023e+00 1.868112719909604732e-177
6.901902042042042495e+00 1.626455286379805674e-177
6.908909039039039079e+00 1.416426383410927204e-177
6.915916036036036552e+00 1.233838742702274482e-177
6.922923033033033136e+00 1.075065693708594578e-177
6.929930030030030608e+00 9.369652812493103802e-178
6.936937027027027192e+00 8.168147656724991098e-178
6.943944024024024664e+00 7.122540699182650695e-178
6.950951021021021248e+00 6.212369384123834717e-178
6.957958018018018720e+00 5.419887449879782609e-178
6.964965015015015304e+00 4.729700350299978613e-178
6.971972012012011888e+00 4.128450142150106709e-178
6.978979009009009360e+00 3.604543055329798399e-178
6.985986006006005944e+00 3.147913902672098169e-178
6.992993003003003416e+00 2.749822294386486306e-178
7.000000000000000000e+00 2.402676317564537472e-178
