1.000000000000000082e-05 0.000000000000000000e+00
7.016996996996997284e-03 0.000000000000000000e+00
1.402399399399399497e-02 0.000000000000000000e+00
2.103099099099099353e-02 0.000000000000000000e+00
2.803798798798799036e-02 0.000000000000000000e+00
3.504498498498499065e-02 0.000000000000000000e+00
4.205198198198199094e-02 0.000000000000000000e+00
4.905897897897898430e-02 0.000000000000000000e+00
5.606597597597598459e-02 0.000000000000000000e+00
6.307297297297297101e-02 0.000000000000000000e+00
7.007996996996997130e-02 0.000000000000000000e+00
7.708696696696697159e-02 0.000000000000000000e+00
8.409396396396397189e-02 0.000000000000000000e+00
9.110096096096097218e-02 0.000000000000000000e+00
9.810795795795795859e-02 0.000000000000000000e+00
1.051149549549549589e-01 0.000000000000000000e+00
1.121219519519519592e-01 0.000000000000000000e+00
1.191289489489489595e-01 0.000000000000000000e+00
1.261359459459459598e-01 0.000000000000000000e+00
1.331429429429429601e-01 0.000000000000000000e+00
1.401499399399399604e-01 0.000000000000000000e+00
1.471569369369369606e-01 0.000000000000000000e+00
1.541639339339339609e-01 0.000000000000000000e+00
1.611709309309309612e-01 0.000000000000000000e+00
1.681779279279279615e-01 0.000000000000000000e+00
1.751849249249249618e-01 0.000000000000000000e+00
1.821919219219219621e-01 0.000000000000000000e+00
1.891989189189189347e-01 0.000000000000000000e+00
1.962059159159159349e-01 0.000000000000000000e+00
2.032129129129129352e-01 0.000000000000000000e+00
2.102199099099099355e-01 0.000000000000000000e+00
2.172269069069069358e-01 0.000000000000000000e+00
2.242339039039039361e-01 0.000000000000000000e+00
2.312409009009009364e-01 0.000000000000000000e+00
2.382478978978979367e-01 0.000000000000000000e+00
2.452548948948949370e-01 0.000000000000000000e+00
2.522618918918919095e-01 0.000000000000000000e+00
2.592688888888889376e-01 0.000000000000000000e+00
2.662758858858859101e-01 1.706354521041913190e-319
2.732828828828829382e-01 1.113187608301296731e-289
2.802898798798799107e-01 1.022908424724967807e-262
2.872968768768769388e-01 2.692582276243049501e-238
2.943038738738739113e-01 3.757316350487190587e-216
3.013108708708708838e-01 4.771196359303782619e-196
3.083178678678679119e-01 8.871718441655914533e-178
3.153248648648648844e-01 3.676099188725053234e-161
3.223318618618619125e-01 4.922295916802081908e-146
3.293388588588588850e-01 2.961745559001164990e-132
3.363458558558559131e-01 1.073678927457290527e-119
3.433528528528528856e-01 3.045460693129930194e-108
3.503598498498499136e-01 8.536288264979496765e-98
3.573668468468468862e-01 2.913864725949168601e-88
3.643738438438439142e-01 1.460960986084568991e-79
3.713808408408408868e-01 1.273220287070962101e-71
3.783878378378378593e-01 2.244349661176467891e-64
3.853948348348348873e-01 9.173981771382003071e-58
3.924018318318318599e-01 9.838334185430128594e-52
3.994088288288288879e-01 3.095203620640089212e-46
4.064158258258258605e-01 3.160934187140543382e-41
4.134228228228228885e-01 1.148654567907508564e-36
4.204298198198198611e-01 1.614596387135057409e-32
4.274368168168168891e-01 9.471827632740825824e-29
4.344438138138138616e-01 2.485249476565201966e-25
4.414508108108108897e-01 3.106821856922895184e-22
4.484578078078078622e-01 1.960434500571151515e-19
4.554648048048048348e-01 6.583051971936382441e-17
4.624718018018018628e-01 1.234722617228566607e-14
4.694787987987988354e-01 1.352299569407245844e-12
4.764857957957958634e-01 9.008784501083910254e-11
4.834927927927928359e-01 3.790213897968445953e-09
4.904997897897898640e-01 1.042567080436288983e-07
4.975067867867868365e-01 1.935870227089855862e-06
5.045137837837837536e-01 2.499411480319595655e-05
5.115207807807807816e-01 2.306349845129198250e-04
5.185277777777778097e-01 1.560494343662901682e-03
5.255347747747747267e-01 7.929902996453535094e-03
5.325417717717717547e-01 3.095783833183861009e-02
5.395487687687687828e-01 9.487126780727304920e-02
5.465557657657658108e-01 2.330282239936630750e-01
5.535627627627627279e-01 4.682811704754195614e-01
5.605697597597597559e-01 7.860281287181183352e-01
5.675767567567567840e-01 1.126122515785877187e+00
5.745837537537538120e-01 1.409344551668287870e+00
5.815907507507507290e-01 1.580307909711578862e+00
5.885977477477477571e-01 1.631977427755744392e+00
5.956047447447447851e-01 1.596967414873921243e+00
6.026117417417417021e-01 1.520549806613116672e+00
6.096187387387387302e-01 1.438357816158637226e+00
6.166257357357357582e-01 1.368932844690193606e+00
6.236327327327327863e-01 1.317267672050378868e+00
6.306397297297297033e-01 1.281448409845558301e+00
6.376467267267267314e-01 1.257599486056044436e+00
6.446537237237237594e-01 1.242215770086852800e+00
6.516607207207207875e-01 1.232768817638845160e+00
6.586677177177177045e-01 1.227590913887352642e+00
6.656747147147147325e-01 1.225604331554835946e+00
6.726817117117117606e-01 1.226099105386200705e+00
6.796887087087086776e-01 1.228589859481383550e+00
6.866957057057057057e-01 1.232731338828753076e+00
6.937027027027027337e-01 1.238269289975080012e+00
7.007096996996997618e-01 1.245011139949281809e+00
7.077166966966966788e-01 1.252807716014412209e+00
7.147236936936937068e-01 1.261541325633842581e+00
7.217306906906907349e-01 1.271117675219966880e+00
7.287376876876877629e-01 1.281460215309301764e+00
7.357446846846846800e-01 1.292506081206295621e+00
7.427516816816817080e-01 1.304203116921348826e+00
7.497586786786787361e-01 1.316507654089561496e+00
7.567656756756756531e-01 1.329382828588889121e+00
7.637726726726726811e-01 1.342797287245633964e+00
7.707796696696697092e-01 1.356724182119854127e+00
7.777866666666667372e-01 1.371140379830998235e+00
7.847936636636636543e-01 1.386025833736753032e+00
7.918006606606606823e-01 1.401363080866118382e+00
7.988076576576577104e-01 1.417136835424271935e+00
8.058146546546547384e-01 1.433333657772243308e+00
8.128216516516516554e-01 1.449941682915866892e+00
8.198286486486486835e-01 1.466950396300596760e+00
8.268356456456457115e-01 1.484350447498135495e+00
8.338426426426426286e-01 1.502133494460371477e+00
8.408496396396396566e-01 1.520292072596431288e+00
8.478566366366366847e-01 1.538819484134483329e+00
8.548636336336337127e-01 1.557709704157596020e+00
8.618706306306306297e-01 1.576957300422191288e+00
8.688776276276276578e-01 1.596557364629280995e+00
8.758846246246246858e-01 1.616505453260271841e+00
8.828916216216217139e-01 1.636797536438580503e+00
8.898986186186186309e-01 1.657429953556448732e+00
8.969056156156156590e-01 1.678399374629153007e+00
9.039126126126126870e-01 1.699702766518067065e+00
9.109196096096096040e-01 1.721337363309183743e+00
9.179266066066066321e-01 1.743300640251719713e+00
9.249336036036036601e-01 1.765590290757820702e+00
9.319406006006006882e-01 1.788204206043568556e+00
9.389475975975976052e-01 1.811140457056539033e+00
9.459545945945946333e-01 1.834397278388118169e+00
9.529615915915916613e-01 1.857973053906053273e+00
9.599685885885886893e-01 1.881866303833944709e+00
9.669755855855856064e-01 1.906075672787705733e+00
9.739825825825826344e-01 1.930599917133070997e+00
9.809895795795796625e-01 1.955437885160894895e+00
9.879965765765765795e-01 1.980588465580927160e+00
9.950035735735736075e-01 2.006050421230027414e+00
1.002010570570570636e+00 2.031821856677113125e+00
1.009017567567567664e+00 2.057898644204271488e+00
1.016024564564564692e+00 2.084270199428822856e+00
1.023031561561561720e+00 2.110909231531020946e+00
1.030038558558558748e+00 2.137749297457725017e+00
1.037045555555555776e+00 2.164640536193876308e+00
1.044052552552552804e+00 2.191271380044343076e+00
1.051059549549549610e+00 2.217045360754699157e+00
1.058066546546546638e+00 2.240911250543295541e+00
1.065073543543543666e+00 2.261164371918541249e+00
1.072080540540540694e+00 2.275265200211967986e+00
1.079087537537537722e+00 2.279749608974911190e+00
1.086094534534534750e+00 2.270318276088044485e+00
1.093101531531531778e+00 2.242175309542791428e+00
1.100108528528528806e+00 2.190631094161481940e+00
1.107115525525525612e+00 2.111901200198064821e+00
1.114122522522522640e+00 2.003948653928249168e+00
1.121129519519519668e+00 1.867165793938386553e+00
1.128136516516516696e+00 1.704701495261808475e+00
1.135143513513513724e+00 1.522314828138193965e+00
1.142150510510510752e+00 1.327755541440892584e+00
1.149157507507507781e+00 1.129794886639486240e+00
1.156164504504504587e+00 9.371155716781605083e-01
1.163171501501501615e+00 7.572911971591076430e-01
1.170178498498498643e+00 5.960423134506265264e-01
1.177185495495495671e+00 4.568694589462442002e-01
1.184192492492492699e+00 3.410654566476536975e-01
1.191199489489489727e+00 2.480296307532966482e-01
1.198206486486486755e+00 1.757630380540355086e-01
1.205213483483483561e+00 1.214188102994730178e-01
1.212220480480480589e+00 8.180599512256130079e-02
1.219227477477477617e+00 5.378416192885542013e-02
1.226234474474474645e+00 3.452554475824290425e-02
1.233241471471471673e+00 2.165224645026803466e-02
1.240248468468468701e+00 1.327424902922839586e-02
1.247255465465465729e+00 7.960412682880375554e-03
1.254262462462462757e+00 4.672583961431277591e-03
1.261269459459459563e+00 2.686290951149999506e-03
1.268276456456456591e+00 1.513566334174085582e-03
1.275283453453453619e+00 8.363319364782976313e-04
1.282290450450450647e+00 4.534801430256079876e-04
1.289297447447447675e+00 2.414405420946320337e-04
1.296304444444444703e+00 1.262990707969160911e-04
1.303311441441441731e+00 6.495148752222897591e-05
1.310318438438438537e+00 3.285737417794016560e-05
1.317325435435435566e+00 1.635994372805645312e-05
1.324332432432432594e+00 8.021964300671861566e-06
1.331339429429429622e+00 3.875864724362057420e-06
1.338346426426426650e+00 1.846199408826890263e-06
1.345353423423423678e+00 8.674370372851540014e-07
1.352360420420420706e+00 4.022240306449365162e-07
1.359367417417417512e+00 1.841552998475295166e-07
1.366374414414414540e+00 8.329064125140510537e-08
1.373381411411411568e+00 3.723126649780517708e-08
1.380388408408408596e+00 1.645573120699903549e-08
1.387395405405405624e+00 7.194769376415490251e-09
1.394402402402402652e+00 3.113106169413815062e-09
1.401409399399399680e+00 1.333613547961183635e-09
1.408416396396396708e+00 5.658501647956712679e-10
1.415423393393393514e+00 2.378918053612747711e-10
1.422430390390390542e+00 9.913574368641918223e-11
1.429437387387387570e+00 4.096519721771379006e-11
1.436444384384384598e+00 1.679153006510688724e-11
1.443451381381381626e+00 6.829795571547426993e-12
1.450458378378378654e+00 2.757493960518992564e-12
1.457465375375375682e+00 1.105487045884691514e-12
1.464472372372372488e+00 4.402135945540278897e-13
1.471479369369369516e+00 1.741719597909076380e-13
1.478486366366366545e+00 6.849016964046190139e-14
1.485493363363363573e+00 2.677563142907056382e-14
1.492500360360360601e+00 1.040962519550034802e-14
1.499507357357357629e+00 4.025622419216801226e-15
1.506514354354354657e+00 1.548989994003910021e-15
1.513521351351351463e+00 5.931893563814982797e-16
1.520528348348348491e+00 2.261389476755857989e-16
1.527535345345345519e+00 8.584192776793181522e-17
1.534542342342342547e+00 3.245392397553585500e-17
1.541549339339339575e+00 1.222297935985073004e-17
1.548556336336336603e+00 4.586954966281626603e-18
1.555563333333333631e+00 1.715544109639184773e-18
1.562570330330330659e+00 6.395859911872403466e-19
1.569577327327327465e+00 2.377401296705463253e-19
1.576584324324324493e+00 8.812451038911163544e-20
1.583591321321321521e+00 3.258090722445118587e-20
1.590598318318318549e+00 1.201658049527189444e-20
1.597605315315315577e+00 4.422078842236849763e-21
1.604612312312312605e+00 1.623955491664866950e-21
1.611619309309309633e+00 5.952449491241992809e-22
1.618626306306306439e+00 2.178015315769780682e-22
1.625633303303303467e+00 7.956777966873103043e-23
1.632640300300300495e+00 2.902618957652243305e-23
1.639647297297297523e+00 1.057505484741661499e-23
1.646654294294294552e+00 3.848366225134422692e-24
1.653661291291291580e+00 1.399042002819788625e-24
1.660668288288288608e+00 5.081632652014499066e-25
1.667675285285285414e+00 1.844376952567548604e-25
1.674682282282282442e+00 6.689967481093707389e-26
1.681689279279279470e+00 2.425372882118103837e-26
1.688696276276276498e+00 8.789493619098930852e-27
1.695703273273273526e+00 3.184410533470722366e-27
1.702710270270270554e+00 1.153510580162827104e-27
1.709717267267267582e+00 4.178182548747529062e-28
1.716724264264264610e+00 1.513460307740251144e-28
1.723731261261261416e+00 5.482965739671860516e-29
1.730738258258258444e+00 1.986838631857226949e-29
1.737745255255255472e+00 7.201991120348710436e-30
1.744752252252252500e+00 2.611707550604808579e-30
1.751759249249249528e+00 9.475808558879415457e-31
1.758766246246246556e+00 3.440046792859609228e-31
1.765773243243243584e+00 1.249695310750562898e-31
1.772780240240240390e+00 4.543283882724561673e-32
1.779787237237237418e+00 1.653082991280337522e-32
1.786794234234234446e+00 6.020194303298895406e-33
1.793801231231231474e+00 2.194564705342170366e-33
1.800808228228228502e+00 8.008261413632275958e-34
1.807815225225225531e+00 2.925559974822533276e-34
1.814822222222222559e+00 1.070012032897368828e-34
1.821829219219219365e+00 3.918359239029639592e-35
1.828836216216216393e+00 1.436752302558835439e-35
1.835843213213213421e+00 5.275296376224632403e-36
1.842850210210210449e+00 1.939650694574761557e-36
1.849857207207207477e+00 7.142256523962781368e-37
1.856864204204204505e+00 2.633936896011868138e-37
1.863871201201201533e+00 9.728709883598800493e-38
1.870878198198198339e+00 3.599202682919314270e-38
1.877885195195195367e+00 1.333763960694130207e-38
1.884892192192192395e+00 4.951001013777425013e-39
1.891899189189189423e+00 1.841057937704447704e-39
1.898906186186186451e+00 6.858366081991837949e-40
1.905913183183183479e+00 2.559589621389481655e-40
1.912920180180180507e+00 9.570476321891310322e-41
1.919927177177177535e+00 3.585310259639179018e-41
1.926934174174174341e+00 1.345754227143204893e-41
1.933941171171171369e+00 5.061343739010267250e-42
1.940948168168168397e+00 1.907399525790919062e-42
1.947955165165165425e+00 7.202900173322541674e-43
1.954962162162162453e+00 2.725690903309462653e-43
1.961969159159159481e+00 1.033623490464616698e-43
1.968976156156156510e+00 3.928052291676466311e-44
1.975983153153153316e+00 1.496006049624964247e-44
1.982990150150150344e+00 5.710080557585278417e-45
1.989997147147147372e+00 2.184313905003943599e-45
1.997004144144144400e+00 8.374569237840163429e-46
2.004011141141141206e+00 3.218064622590271319e-46
2.011018138138138234e+00 1.239429190031355577e-46
2.018025135135135262e+00 4.784678494911043603e-47
2.025032132132132290e+00 1.851385627492589284e-47
2.032039129129129318e+00 7.180632766315678680e-48
2.039046126126126346e+00 2.791634025001363326e-48
2.046053123123123374e+00 1.087907713556847639e-48
2.053060120120120402e+00 4.249824024663433883e-49
2.060067117117117430e+00 1.664187752118832723e-49
2.067074114114114458e+00 6.532704384654976645e-50
2.074081111111111486e+00 2.570688778752185177e-50
2.081088108108108514e+00 1.014093481566106704e-50
2.088095105105105542e+00 4.010369123779819190e-51
2.095102102102102570e+00 1.589915876924222233e-51
2.102109099099099154e+00 6.319062761651986086e-52
2.109116096096096182e+00 2.517821372792231492e-52
2.116123093093093210e+00 1.005762901830801203e-52
2.123130090090090238e+00 4.027812238868226975e-53
2.130137087087087266e+00 1.617148602847401149e-53
2.137144084084084295e+00 6.509411073668217845e-54
2.144151081081081323e+00 2.626928344118924474e-54
2.151158078078078351e+00 1.062852456857380040e-54
2.158165075075075379e+00 4.311408736918176706e-55
2.165172072072072407e+00 1.753435880309349258e-55
2.172179069069069435e+00 7.149700531056873605e-56
2.179186066066066463e+00 2.922911521290719860e-56
2.186193063063063491e+00 1.198052147934454491e-56
2.193200060060060519e+00 4.923457482895208777e-57
2.200207057057057547e+00 2.028621700772005900e-57
2.207214054054054131e+00 8.380504212420314126e-58
2.214221051051051159e+00 3.471195361599273470e-58
2.221228048048048187e+00 1.441548420152834702e-58
2.228235045045045215e+00 6.002358819781652210e-59
2.235242042042042243e+00 2.505868755067699915e-59
2.242249039039039271e+00 1.048912547949618195e-59
2.249256036036036299e+00 4.402157955753851874e-60
2.256263033033033327e+00 1.852413682175797628e-60
2.263270030030030355e+00 7.815501409416149494e-61
2.270277027027027383e+00 3.306150088118835127e-61
2.277284024024024411e+00 1.402281958612411774e-61
2.284291021021021439e+00 5.963418160360602791e-62
2.291298018018018468e+00 2.542741783125747425e-62
2.298305015015015496e+00 1.087066598359067438e-62
2.305312012012012524e+00 4.659685808753497547e-63
2.312319009009009108e+00 2.002641829400230315e-63
2.319326006006006136e+00 8.629697223647881504e-64
2.326333003003003164e+00 3.728488514636170118e-64
2.333340000000000192e+00 1.615155262524118481e-64
2.340346996996997220e+00 7.015184472568787755e-65
2.347353993993994248e+00 3.054965434925175570e-65
2.354360990990991276e+00 1.333874062022853790e-65
2.361367987987988304e+00 5.839336679615705401e-66
2.368374984984985332e+00 2.563014803958188824e-66
2.375381981981982360e+00 1.127914764121758318e-66
2.382388978978979388e+00 4.976655613811768636e-67
2.389395975975976416e+00 2.201575195549586345e-67
2.396402972972973444e+00 9.764780682586463287e-68
2.403409969969970472e+00 4.342330014393793402e-68
2.410416966966967056e+00 1.936033085310701856e-68
2.417423963963964084e+00 8.654271527162732438e-69
2.424430960960961112e+00 3.878592566039286176e-69
2.431437957957958140e+00 1.742776698279174450e-69
2.438444954954955168e+00 7.851113229365497559e-70
2.445451951951952196e+00 3.546014910285501755e-70
2.452458948948949224e+00 1.605711582387374400e-70
2.459465945945946252e+00 7.289705351911871099e-71
2.466472942942943281e+00 3.317917543685627250e-71
2.473479939939940309e+00 1.514021542025115625e-71
2.480486936936937337e+00 6.926390765021274989e-72
2.487493933933934365e+00 3.176785992929539663e-72
2.494500930930931393e+00 1.460738510415470756e-72
2.501507927927928421e+00 6.733765925378218548e-73
2.508514924924925449e+00 3.112017202877757847e-73
2.515521921921922033e+00 1.441855618172859995e-73
2.522528918918919061e+00 6.697222102325589752e-74
2.529535915915916089e+00 3.118588420940235552e-74
2.536542912912913117e+00 1.455824768246037924e-74
2.543549909909910145e+00 6.813104301826498231e-75
2.550556906906907173e+00 3.196414090175751005e-75
2.557563903903904201e+00 1.503350469352123109e-75
2.564570900900901229e+00 7.088163776378014906e-76
2.571577897897898257e+00 3.350276294511035403e-76
2.578584894894895285e+00 1.587442187074419421e-76
2.585591891891892313e+00 7.540195927129679348e-77
2.592598888888889341e+00 3.590308291205495022e-77
2.599605885885886369e+00 1.713729217820856769e-77
2.606612882882883397e+00 8.199944853748648180e-78
2.613619879879880425e+00 3.933098573004360707e-78
2.620626876876877009e+00 1.891083791185246664e-78
2.627633873873874037e+00 9.114557831244536312e-79
2.634640870870871066e+00 4.403582691287034699e-79
2.641647867867868094e+00 2.132648254194475633e-79
2.648654864864865122e+00 1.035312879488745778e-79
2.655661861861862150e+00 5.038022210377081690e-80
2.662668858858859178e+00 2.457431168016703838e-80
2.669675855855856206e+00 1.201523308497318417e-80
2.676682852852853234e+00 5.888562719950554017e-81
2.683689849849850262e+00 2.892739827242657270e-81
2.690696846846847290e+00 1.424390579256557311e-81
2.697703843843844318e+00 7.030158667942054481e-82
2.704710840840841346e+00 3.477876321015607724e-82
2.711717837837838374e+00 1.724537950886974538e-82
2.718724834834834958e+00 8.571120989188517951e-83
2.725731831831831986e+00 4.269778666223453763e-83
2.732738828828829014e+00 2.131928221045547946e-83
2.739745825825826042e+00 1.066929868351171976e-83
2.746752822822823070e+00 5.351700972439339022e-84
2.753759819819820098e+00 2.690525175526345696e-84
2.760766816816817126e+00 1.355714099157789646e-84
2.767773813813814154e+00 6.846704213060759494e-85
2.774780810810811182e+00 3.465564481435868500e-85
2.781787807807808210e+00 1.758093318183685382e-85
2.788794804804805239e+00 8.938855915334106310e-86
2.795801801801802267e+00 4.555022983155281779e-86
2.802808798798799295e+00 2.326292787222735111e-86
2.809815795795796323e+00 1.190693223309727556e-86
2.816822792792793351e+00 6.107924123078101805e-87
2.823829789789789935e+00 3.140090487885348361e-87
2.830836786786786963e+00 1.617863975630543515e-87
2.837843783783783991e+00 8.353908023428288722e-88
2.844850780780781019e+00 4.322965277761564479e-88
2.851857777777778047e+00 2.241892108940982400e-88
2.858864774774775075e+00 1.165158753274129320e-88
2.865871771771772103e+00 6.068613216614491367e-89
2.872878768768769131e+00 3.167556047327875537e-89
2.879885765765766159e+00 1.656861407556932107e-89
2.886892762762763187e+00 8.685035820483061184e-90
2.893899759759760215e+00 4.562229601508691751e-90
2.900906756756757243e+00 2.401592349289405101e-90
2.907913753753754271e+00 1.266877471756879481e-90
2.914920750750751299e+00 6.696989936332403693e-91
2.921927747747747883e+00 3.547569689756218717e-91
2.928934744744744911e+00 1.883150501876764578e-91
2.935941741741741939e+00 1.001701866724555208e-91
2.942948738738738967e+00 5.339343368302864302e-92
2.949955735735735995e+00 2.851869803619046488e-92
2.956962732732733024e+00 1.526372668618163684e-92
2.963969729729730052e+00 8.186100649983169566e-93
2.970976726726727080e+00 4.399220884993663148e-93
2.977983723723724108e+00 2.368935453361473704e-93
2.984990720720721136e+00 1.278221284163533381e-93
2.991997717717718164e+00 6.910839606379579018e-94
2.999004714714715192e+00 3.743899077155406881e-94
3.006011711711712220e+00 2.032275630674041027e-94
3.013018708708709248e+00 1.105357736528359982e-94
3.020025705705706276e+00 6.023951822120481747e-95
3.027032702702702860e+00 3.289388272381803808e-95
3.034039699699699888e+00 1.799701334105021068e-95
3.041046696696696916e+00 9.865839085213194913e-96
3.048053693693693944e+00 5.418917708393885830e-96
3.055060690690690972e+00 2.982171941470750106e-96
3.062067687687688000e+00 1.644337888670581075e-96
3.069074684684685028e+00 9.084151763771034894e-97
3.076081681681682056e+00 5.028162590062389936e-97
3.083088678678679084e+00 2.788447984965243630e-97
3.090095675675676112e+00 1.549318778331437419e-97
3.097102672672673140e+00 8.624635120801709036e-98
3.104109669669670168e+00 4.810155332940103335e-98
3.111116666666667196e+00 2.687773212284274149e-98
3.118123663663664225e+00 1.504658784132371496e-98
3.125130660660661253e+00 8.439020762730215925e-99
3.132137657657657837e+00 4.741889894189288021e-99
3.139144654654654865e+00 2.669396074645562059e-99
3.146151651651651893e+00 1.505474775427557305e-99
3.153158648648648921e+00 8.506083550942467012e-100
3.160165645645645949e+00 4.814800446105428588e-100
3.167172642642642977e+00 2.730336834505733523e-100
3.174179639639640005e+00 1.551101664001055847e-100
3.181186636636637033e+00 8.827692983802458783e-101
3.188193633633634061e+00 5.033081120807091127e-101
3.195200630630631089e+00 2.874731149249794492e-101
3.202207627627628117e+00 1.644879116333587751e-101
3.209214624624625145e+00 9.428466208266201009e-102
3.216221621621622173e+00 5.413963139228443504e-102
3.223228618618619201e+00 3.114250965243779572e-102
3.230235615615615785e+00 1.794538924979371448e-102
3.237242612612612813e+00 1.035881377362820074e-102
3.244249609609609841e+00 5.989932820501676339e-103
3.251256606606606869e+00 3.469649363673321187e-103
3.258263603603603897e+00 2.013250763638454239e-103
3.265270600600600925e+00 1.170188305969799792e-103
3.272277597597597953e+00 6.813279283498358445e-104
3.279284594594594981e+00 3.973709881897194489e-104
3.286291591591592010e+00 2.321521072441028528e-104
3.293298588588589038e+00 1.358571831062725541e-104
3.300305585585586066e+00 7.963850280992673554e-105
3.307312582582583094e+00 4.676178586459234955e-105
3.314319579579580122e+00 2.750322603310874216e-105
3.321326576576577150e+00 1.620308730622598079e-105
3.328333573573574178e+00 9.561599302095573529e-106
3.335340570570570762e+00 5.651698703291970428e-106
3.342347567567567790e+00 3.346110107667258176e-106
3.349354564564564818e+00 1.984318139286775081e-106
3.356361561561561846e+00 1.178662100340379903e-106
3.363368558558558874e+00 7.012475926060131605e-107
3.370375555555555902e+00 4.178829115804836280e-107
3.377382552552552930e+00 2.494227902442748531e-107
3.384389549549549958e+00 1.491121687882506456e-107
3.391396546546546986e+00 8.928584722756136485e-108
3.398403543543544014e+00 5.354783381828837728e-108
3.405410540540541042e+00 3.216533727994617739e-108
3.412417537537538070e+00 1.935166858217995245e-108
3.419424534534535098e+00 1.166084513519115672e-108
3.426431531531532126e+00 7.037528195425679454e-109
3.433438528528529154e+00 4.253887478171396023e-109
3.440445525525525738e+00 2.575282099597052468e-109
3.447452522522522766e+00 1.561470644397727141e-109
3.454459519519519795e+00 9.482225873133539903e-110
3.461466516516516823e+00 5.767020453551194971e-110
3.468473513513513851e+00 3.512810214770488204e-110
3.475480510510510879e+00 2.142975324565153303e-110
3.482487507507507907e+00 1.309291177765443339e-110
3.489494504504504935e+00 8.011414673733742670e-111
3.496501501501501963e+00 4.909456347793474983e-111
3.503508498498498991e+00 3.013048686426027695e-111
3.510515495495496019e+00 1.851930976368758825e-111
3.517522492492493047e+00 1.139952353328280916e-111
3.524529489489490075e+00 7.027311866612012352e-112
3.531536486486487103e+00 4.338401679530980198e-112
3.538543483483483687e+00 2.682289723758997405e-112
3.545550480480480715e+00 1.660788802149523417e-112
3.552557477477477743e+00 1.029801070929129176e-112
3.559564474474474771e+00 6.394696004641906004e-113
3.566571471471471799e+00 3.976596597429119677e-113
3.573578468468468827e+00 2.476427881181033139e-113
3.580585465465465855e+00 1.544400047830857968e-113
3.587592462462462883e+00 9.645202942404753734e-114
3.594599459459459911e+00 6.032229493282585373e-114
3.601606456456456939e+00 3.777954775307808058e-114
3.608613453453453968e+00 2.369439202350982070e-114
3.615620450450450996e+00 1.488133225630274406e-114
3.622627447447448024e+00 9.359292287616513479e-115
3.629634444444445052e+00 5.894496254522543666e-115
3.636641441441442080e+00 3.717495202830736134e-115
3.643648438438438664e+00 2.347749353848915222e-115
3.650655435435435692e+00 1.484732458660687481e-115
3.657662432432432720e+00 9.402371696091954790e-116
3.664669429429429748e+00 5.962343021058859713e-116
3.671676426426426776e+00 3.786033305690751589e-116
3.678683423423423804e+00 2.407340065755535452e-116
3.685690420420420832e+00 1.532758106108710663e-116
3.692697417417417860e+00 9.772160609182041242e-117
3.699704414414414888e+00 6.238583773363279859e-117
3.706711411411411916e+00 3.988021778759966018e-117
3.713718408408408944e+00 2.552717709711844994e-117
3.720725405405405972e+00 1.636136362826389907e-117
3.727732402402403000e+00 1.050038744548094253e-117
3.734739399399400028e+00 6.747734240969779567e-118
3.741746396396396612e+00 4.341853249882322150e-118
3.748753393393393640e+00 2.797399899171186419e-118
3.755760390390390668e+00 1.804653966211222192e-118
3.762767387387387696e+00 1.165711377927060920e-118
3.769774384384384724e+00 7.539518114177845172e-119
3.776781381381381753e+00 4.882579912717679767e-119
3.783788378378378781e+00 3.165965063722217574e-119
3.790795375375375809e+00 2.055472367545120511e-119
3.797802372372372837e+00 1.336176175466920108e-119
3.804809369369369865e+00 8.696813589475974284e-120
3.811816366366366893e+00 5.667594438198298349e-120
3.818823363363363921e+00 3.698088978179488021e-120
3.825830360360360949e+00 2.415982389522961022e-120
3.832837357357357977e+00 1.580322886671783073e-120
3.839844354354355005e+00 1.034978678027544349e-120
3.846851351351351589e+00 6.786538916883034300e-121
3.853858348348348617e+00 4.455480250823474751e-121
3.860865345345345645e+00 2.928652343118130374e-121
3.867872342342342673e+00 1.927374573018780094e-121
3.874879339339339701e+00 1.269952092018386975e-121
3.881886336336336729e+00 8.377788018873620180e-122
3.888893333333333757e+00 5.533375371533984915e-122
3.895900330330330785e+00 3.659043418622074187e-122
3.902907327327327813e+00 2.422476630532904113e-122
3.909914324324324841e+00 1.605699160885353678e-122
3.916921321321321869e+00 1.065563346880489809e-122
3.923928318318318897e+00 7.079504167418563671e-123
3.930935315315315925e+00 4.709045235533754319e-123
3.937942312312312954e+00 3.135936940332071620e-123
3.944949309309309982e+00 2.090760146297202207e-123
3.951956306306306566e+00 1.395537603323255785e-123
3.958963303303303594e+00 9.325611639001298547e-124
3.965970300300300622e+00 6.238922389424968273e-124
3.972977297297297650e+00 4.178653388539727129e-124
3.979984294294294678e+00 2.801919565843085194e-124
3.986991291291291706e+00 1.880899450697476288e-124
3.993998288288288734e+00 1.264049717131598805e-124
4.001005285285285318e+00 8.504513238241242165e-125
4.008012282282281902e+00 5.728218490997436850e-125
4.015019279279279374e+00 3.862536380421049664e-125
4.022026276276275958e+00 2.607393520062203803e-125
4.029033273273273430e+00 1.762055877862340354e-125
4.036040270270270014e+00 1.192092569024295904e-125
4.043047267267267486e+00 8.073755944829668325e-126
4.050054264264264070e+00 5.474125094091404328e-126
4.057061261261261542e+00 3.715569779906652568e-126
4.064068258258258126e+00 2.524677323226700481e-126
4.071075255255255598e+00 1.717331939155762095e-126
4.078082252252252182e+00 1.169415085008261826e-126
4.085089249249249654e+00 7.971634686436400833e-127
4.092096246246246238e+00 5.439869982379859104e-127
4.099103243243243710e+00 3.716124696219844364e-127
4.106110240240240294e+00 2.541270322768561510e-127
4.113117237237236878e+00 1.739676461769760794e-127
4.120124234234234351e+00 1.192178715013422278e-127
4.127131231231230934e+00 8.178388166170190253e-128
4.134138228228228407e+00 5.616241680925563354e-128
4.141145225225224991e+00 3.860768958469605825e-128
4.148152222222222463e+00 2.656746047836650805e-128
4.155159219219219047e+00 1.830091223747087186e-128
4.162166216216216519e+00 1.261944238239322454e-128
4.169173213213213103e+00 8.710650692744088582e-129
4.176180210210210575e+00 6.018694798923257032e-129
4.183187207207207159e+00 4.162877440909855814e-129
4.190194204204204631e+00 2.882191338306460950e-129
4.197201201201201215e+00 1.997506399653465842e-129
4.204208198198197799e+00 1.385760098786694263e-129
4.211215195195195271e+00 9.623227437312103465e-130
4.218222192192191855e+00 6.689360539061580260e-130
4.225229189189189327e+00 4.654552704382882633e-130
4.232236186186185911e+00 3.241896470353760043e-130
4.239243183183183383e+00 2.260198206898952488e-130
4.246250180180179967e+00 1.577315123971508908e-130
4.253257177177177439e+00 1.101826810169015907e-130
4.260264174174174023e+00 7.704234751916112580e-131
4.267271171171171495e+00 5.392192250594726716e-131
4.274278168168168079e+00 3.777629048343272977e-131
4.281285165165165552e+00 2.649047413065175856e-131
4.288292162162162136e+00 1.859409483896338355e-131
4.295299159159159608e+00 1.306392429485435730e-131
4.302306156156156192e+00 9.187217402452723236e-132
4.309313153153152776e+00 6.467024208677932215e-132
4.316320150150150248e+00 4.556523050685064326e-132
4.323327147147146832e+00 3.213436279579631854e-132
4.330334144144144304e+00 2.268356451107798296e-132
4.337341141141140888e+00 1.602717044255406394e-132
4.344348138138138360e+00 1.133456408325163557e-132
4.351355135135134944e+00 8.023311877672663771e-133
4.358362132132132416e+00 5.684625928141969783e-133
4.365369129129129000e+00 4.031326392045546512e-133
4.372376126126126472e+00 2.861477787861712119e-133
4.379383123123123056e+00 2.032954435131993110e-133
4.386390120120120528e+00 1.445633712439134173e-133
4.393397117117117112e+00 1.028917993902892331e-133
4.400404114114114584e+00 7.329825768728809525e-134
4.407411111111111168e+00 5.226313582966920749e-134
4.414418108108107752e+00 3.729793057974560588e-134
4.421425105105105224e+00 2.664158203266668409e-134
4.428432102102101808e+00 1.904670417427568885e-134
4.435439099099099280e+00 1.362896168201780534e-134
4.442446096096095864e+00 9.760844080218687734e-135
4.449453093093093337e+00 6.996683373557664479e-135
4.456460090090089921e+00 5.019678278796261640e-135
4.463467087087087393e+00 3.604432901867548726e-135
4.470474084084083977e+00 2.590442738465385595e-135
4.477481081081081449e+00 1.863312224596709090e-135
4.484488078078078033e+00 1.341437545146074176e-135
4.491495075075075505e+00 9.665561277987952888e-136
4.498502072072072089e+00 6.970342390921499744e-136
4.505509069069069561e+00 5.030952057341046105e-136
4.512516066066066145e+00 3.634242542547441571e-136
4.519523063063062729e+00 2.627507315430998205e-136
4.526530060060060201e+00 1.901248556397177416e-136
4.533537057057056785e+00 1.376884292172058932e-136
4.540544054054054257e+00 9.979717129583166449e-137
4.547551051051050841e+00 7.239355691826888276e-137
4.554558048048048313e+00 5.255828221650829256e-137
4.561565045045044897e+00 3.818920741607955860e-137
4.568572042042042369e+00 2.777135313653371258e-137
4.575579039039038953e+00 2.021198811688766209e-137
4.582586036036036425e+00 1.472228820302067543e-137
4.589593033033033009e+00 1.073234388986863624e-137
4.596600030030030481e+00 7.830067950616923001e-138
4.603607027027027065e+00 5.717245957411731099e-138
4.610614024024024538e+00 4.177893158261068197e-138
4.617621021021021122e+00 3.055453025651216937e-138
4.624628018018017706e+00 2.236353467850394928e-138
4.631635015015015178e+00 1.638138318042508675e-138
4.638642012012011762e+00 1.200894109046416718e-138
4.645649009009009234e+00 8.810521725722564815e-139
4.652656006006005818e+00 6.469043243740534538e-139
4.659663003003003290e+00 4.753557512261677214e-139
4.666669999999999874e+00 3.495718735823367690e-139
4.673676996996997346e+00 2.572716956423956725e-139
4.680683993993993930e+00 1.894890439417941991e-139
4.687690990990991402e+00 1.396727058182121213e-139
4.694697987987987986e+00 1.030322343482172666e-139
4.701704984984985458e+00 7.606197661953889416e-140
4.708711981981982042e+00 5.619449960387199940e-140
4.715718978978978626e+00 4.154803805891049301e-140
4.722725975975976098e+00 3.074231368241396399e-140
4.729732972972972682e+00 2.276411155885685957e-140
4.736739969969970154e+00 1.686909575834302394e-140
4.743746966966966738e+00 1.251003905826548999e-140
4.750753963963964210e+00 9.284320371335050473e-141
4.757760960960960794e+00 6.895487775409024701e-141
4.764767957957958266e+00 5.125097443860139715e-141
4.771774954954954850e+00 3.812065578853339022e-141
4.778781951951952323e+00 2.837517501441081753e-141
4.785788948948948907e+00 2.113661987663433216e-141
4.792795945945946379e+00 1.575615287238440956e-141
4.799802942942942963e+00 1.175388286776652332e-141
4.806809939939940435e+00 8.774612032686568714e-142
4.813816936936937019e+00 6.555242373611522683e-142
4.820823933933933603e+00 4.900752034052150661e-142
4.827830930930931075e+00 3.666475030484617043e-142
4.834837927927927659e+00 2.745020873141838329e-142
4.841844924924925131e+00 2.056612073030968838e-142
4.848851921921921715e+00 1.541941224422902364e-142
4.855858918918919187e+00 1.156886813403706438e-142
4.862865915915915771e+00 8.686012362736130507e-143
4.869872912912913243e+00 6.526125931985777867e-143
4.876879909909909827e+00 4.906759923974567953e-143
4.883886906906907299e+00 3.691793875792887387e-143
4.890893903903903883e+00 2.779599881465575546e-143
4.897900900900901355e+00 2.094248729534896921e-143
4.904907897897897939e+00 1.578971572363247835e-143
4.911914894894895411e+00 1.191295162107734646e-143
4.918921891891891995e+00 8.994197270067097217e-144
4.925928888888888579e+00 6.795201737950634569e-144
4.932935885885886051e+00 5.137338382788545331e-144
4.939942882882882635e+00 3.886590842845605997e-144
4.946949879879880108e+00 2.942342820991212676e-144
4.953956876876876692e+00 2.229002164919950704e-144
4.960963873873874164e+00 1.689738315810748006e-144
4.967970870870870748e+00 1.281796664298747105e-144
4.974977867867868220e+00 9.729903415533965588e-145
4.981984864864864804e+00 7.390717752381115496e-145
4.988991861861862276e+00 5.617620457515294921e-145
4.995998858858858860e+00 4.272724159966042437e-145
5.003005855855856332e+00 3.251943617364388021e-145
5.010012852852852916e+00 2.476656933233235123e-145
5.017019849849850388e+00 1.887436730625113017e-145
5.024026846846846972e+00 1.439334292771683462e-145
5.031033843843843556e+00 1.098329586692221234e-145
5.038040840840841028e+00 8.386571541982853267e-146
5.045047837837837612e+00 6.407904356803807104e-146
5.052054834834835084e+00 4.899213994751461263e-146
5.059061831831831668e+00 3.748130113988948169e-146
5.066068828828829140e+00 2.869325442257586587e-146
5.073075825825825724e+00 2.197965676389734129e-146
5.080082822822823196e+00 1.684755950002310194e-146
5.087089819819819780e+00 1.292192275887511667e-146
5.094096816816817253e+00 9.917230089520877689e-147
5.101103813813813836e+00 7.615980207124709378e-147
5.108110810810811309e+00 5.852379204786772979e-147
5.115117807807807893e+00 4.499967888172170814e-147
5.122124804804805365e+00 3.462228677587026000e-147
5.129131801801801949e+00 2.665450001930804878e-147
5.136138798798798533e+00 2.053302190116296364e-147
5.143145795795796005e+00 1.582711744489061376e-147
5.150152792792792589e+00 1.220721221581137480e-147
5.157159789789790061e+00 9.420977642979149463e-148
5.164166786786786645e+00 7.275106557096322678e-148
5.171173783783784117e+00 5.621416360097418710e-148
5.178180780780780701e+00 4.346245586134231003e-148
5.185187777777778173e+00 3.362358344050934678e-148
5.192194774774774757e+00 2.602759670453153661e-148
5.199201771771772229e+00 2.015967825616561163e-148
5.206208768768768813e+00 1.562398097279466600e-148
5.213215765765766285e+00 1.211595099973775328e-148
5.220222762762762869e+00 9.401131902523653517e-149
5.227229759759760341e+00 7.298922419687348063e-149
5.234236756756756925e+00 5.670122596153431390e-149
5.241243753753753509e+00 4.407378926183371824e-149
5.248250750750750981e+00 3.427849267700409007e-149
5.255257747747747565e+00 2.667568459752202948e-149
5.262264744744745038e+00 2.077117735783495739e-149
5.269271741741741621e+00 1.618294253381519451e-149
5.276278738738739094e+00 1.261548251729513423e-149
5.283285735735735678e+00 9.840097431335799851e-150
5.290292732732733150e+00 7.679682320094743424e-150
5.297299729729729734e+00 5.997007684839693682e-150
5.304306726726727206e+00 4.685679955725629097e-150
5.311313723723723790e+00 3.663165000164107353e-150
5.318320720720721262e+00 2.865400702649124004e-150
5.325327717717717846e+00 2.242634253960210488e-150
5.332334714714714430e+00 1.756203881575081442e-150
5.339341711711711902e+00 1.376049312793011104e-150
5.346348708708708486e+00 1.078784854036111295e-150
5.353355705705705958e+00 8.462070863946269747e-151
5.360362702702702542e+00 6.641384910778155681e-151
5.367369699699700014e+00 5.215308750918448094e-151
5.374376696696696598e+00 4.097698347185519852e-151
5.381383693693694070e+00 3.221348737683397052e-151
5.388390690690690654e+00 2.533801067209268230e-151
5.395397687687688126e+00 1.994084310031186299e-151
5.402404684684684710e+00 1.570181908682959094e-151
5.409411681681682182e+00 1.237060948947781234e-151
5.416418678678678766e+00 9.751381078201149255e-152
5.423425675675676239e+00 7.690849162486667880e-152
5.430432672672672823e+00 6.068967708310689651e-152
5.437439669669669406e+00 4.791670706311496537e-152
5.444446666666666879e+00 3.785209736431176103e-152
5.451453663663663463e+00 2.991734307334878582e-152
5.458460660660660935e+00 2.365840331757793764e-152
5.465467657657657519e+00 1.871873202716071865e-152
5.472474654654654991e+00 1.481819353550041844e-152
5.479481651651651575e+00 1.173657002548136510e-152
5.486488648648649047e+00 9.300653857235798555e-153
5.493495645645645631e+00 7.374140142793606928e-153
5.500502642642643103e+00 5.849707843511445388e-153
5.507509639639639687e+00 4.642812215451142969e-153
5.514516636636637159e+00 3.686816182990658215e-153
5.521523633633633743e+00 2.929169823438467776e-153
5.528530630630631215e+00 2.328410746457173334e-153
5.535537627627627799e+00 1.851807749345351817e-153
5.542544624624624383e+00 1.473508826671378264e-153
5.549551621621621855e+00 1.173084821855265592e-153
5.556558618618618439e+00 9.343836034888284121e-154
5.563565615615615911e+00 7.446280882316342410e-154
5.570572612612612495e+00 5.937058493566986012e-154
5.577579609609609967e+00 4.736093285756023870e-154
5.584586606606606551e+00 3.779944965652196144e-154
5.591593603603604024e+00 3.018327207837423445e-154
5.598600600600600607e+00 2.411360157777140381e-154
5.605607597597598080e+00 1.927400974095841090e-154
5.612614594594594664e+00 1.541329928901047194e-154
5.619621591591592136e+00 1.233195720256372039e-154
5.626628588588588720e+00 9.871441707160844782e-155
5.633635585585586192e+00 7.905706049661773358e-155
5.640642582582582776e+00 6.334488683126338171e-155
5.647649579579579360e+00 5.077999096598429727e-155
5.654656576576576832e+00 4.072706900475094758e-155
5.661663573573573416e+00 3.268003469322782319e-155
5.668670570570570888e+00 2.623554027906193887e-155
5.675677567567567472e+00 2.107196346788956066e-155
5.682684564564564944e+00 1.693272391348970872e-155
5.689691561561561528e+00 1.361303069514664656e-155
5.696698558558559000e+00 1.094935005452809530e-155
5.703705555555555584e+00 8.811030947697819052e-156
5.710712552552553056e+00 7.093643095232950456e-156
5.717719549549549640e+00 5.713674776790979921e-156
5.724726546546547112e+00 4.604310803173303596e-156
5.731733543543543696e+00 3.712068993663699467e-156
5.738740540540541168e+00 2.994119306576926322e-156
5.745747537537537752e+00 2.416146052540346706e-156
5.752754534534534336e+00 1.950642362635079825e-156
5.759761531531531809e+00 1.575548864697450017e-156
5.766768528528528392e+00 1.273166585963372532e-156
5.773775525525525865e+00 1.029288432120512027e-156
5.780782522522522449e+00 8.325049685514678188e-157
5.787789519519519921e+00 6.736492631798610767e-157
5.794796516516516505e+00 5.453527274784571589e-157
5.801803513513513977e+00 4.416895971011243093e-157
5.808810510510510561e+00 3.578922303962487292e-157
5.815817507507508033e+00 2.901230126308484952e-157
5.822824504504504617e+00 2.352915269567651725e-157
5.829831501501502089e+00 1.909079412746092762e-157
5.836838498498498673e+00 1.549653831952152723e-157
5.843845495495495257e+00 1.258455284652798581e-157
5.850852492492492729e+00 1.022427871002622191e-157
5.857859489489489313e+00 8.310339607670550180e-158
5.864866486486486785e+00 6.757646547815147798e-158
5.871873483483483369e+00 5.497461437915382137e-158
5.878880480480480841e+00 4.474230364674386017e-158
5.885887477477477425e+00 3.643034923429625054e-158
5.892894474474474897e+00 2.967540053952151824e-158
5.899901471471471481e+00 2.418340920999678666e-158
5.906908468468468953e+00 1.971630652737071326e-158
5.913915465465465537e+00 1.608126184831363131e-158
5.920922462462463010e+00 1.312201823234075733e-158
5.927929459459459594e+00 1.071190049282215739e-158
5.934936456456457066e+00 8.748170375705108651e-159
5.941943453453453650e+00 7.147467320604581899e-159
5.948950450450450234e+00 5.842124422515047785e-159
5.955957447447447706e+00 4.777190292733319761e-159
5.962964444444444290e+00 3.908020516472866894e-159
5.969971441441441762e+00 3.198328923534624783e-159
5.976978438438438346e+00 2.618610209197565495e-159
5.983985435435435818e+00 2.144862591546940617e-159
5.990992432432432402e+00 1.757552991128317000e-159
5.997999429429429874e+00 1.440778328055038068e-159
6.005006426426426458e+00 1.181585478965188918e-159
6.012013423423423930e+00 9.694196453602133523e-160
6.019020420420420514e+00 7.956766960335867585e-160
6.026027417417417986e+00 6.533397326188200433e-160
6.033034414414414570e+00 5.366839081058701048e-160
6.040041411411412042e+00 4.410365797585841866e-160
6.047048408408408626e+00 3.625823419272729237e-160
6.054055405405405210e+00 2.982044747398002780e-160
6.061062402402402682e+00 2.453559532810654731e-160
6.068069399399399266e+00 2.019544624338012789e-160
6.075076396396396738e+00 1.662969144980231732e-160
6.082083393393393322e+00 1.369898179145664469e-160
6.089090390390390795e+00 1.128925344828311023e-160
6.096097387387387379e+00 9.307102050573180292e-161
6.103104384384384851e+00 7.676009941464680943e-161
6.110111381381381435e+00 6.333267988360246809e-161
6.117118378378378907e+00 5.227463058704919447e-161
6.124125375375375491e+00 4.316426379958785466e-161
6.131132372372372963e+00 3.565557565029347857e-161
6.138139369369369547e+00 2.946454965707019361e-161
6.145146366366367019e+00 2.435795915333101684e-161
6.152153363363363603e+00 2.014420902497571764e-161
6.159160360360360187e+00 1.666584236780268747e-161
6.166167357357357659e+00 1.379340695267395524e-161
6.173174354354354243e+00 1.142043274411042736e-161
6.180181351351351715e+00 9.459317584811851554e-162
6.187188348348348299e+00 7.837955502203155453e-162
6.194195345345345771e+00 6.496972509385362518e-162
6.201202342342342355e+00 5.387459556812775848e-162
6.208209339339339827e+00 4.469112493617585657e-162
6.215216336336336411e+00 3.708705372175861741e-162
6.222223333333333883e+00 3.078836869492388923e-162
6.229230330330330467e+00 2.556900567586948664e-162
6.236237327327327939e+00 2.124238790272648426e-162
6.243244324324324523e+00 1.765447007980453765e-162
6.250251321321321996e+00 1.467801798620294585e-162
6.257258318318318580e+00 1.220790237518431523e-162
6.264265315315315164e+00 1.015722584066797975e-162
6.271272312312312636e+00 8.454134004351945295e-163
6.278279309309309220e+00 7.039189118351246758e-163
6.285286306306306692e+00 5.863206070573948621e-163
6.292293303303303276e+00 4.885468709445225725e-163
6.299300300300300748e+00 4.072259094096970177e-163
6.306307297297297332e+00 3.395644315810032153e-163
6.313314294294294804e+00 2.832475408069749965e-163
6.320321291291291388e+00 2.363560959628395851e-163
6.327328288288288860e+00 1.972984688929492654e-163
6.334335285285285444e+00 1.647541691994892222e-163
6.341342282282282916e+00 1.376272554297851968e-163
6.348349279279279500e+00 1.150078196057107688e-163
6.355356276276276084e+00 9.614013436450766790e-164
6.362363273273273556e+00 8.039630051976592593e-164
6.369370270270270140e+00 6.725443724854363876e-164
6.376377267267267612e+00 5.628062526875926001e-164
6.383384264264264196e+00 4.711395176631460809e-164
6.390391261261261668e+00 3.945411977332836224e-164
6.397398258258258252e+00 3.305117854351435956e-164
6.404405255255255724e+00 2.769700879044855924e-164
6.411412252252252308e+00 2.321826038307889055e-164
6.418419249249249781e+00 1.947049263823416437e-164
6.425426246246246365e+00 1.633331069032240254e-164
6.432433243243243837e+00 1.370632717955350837e-164
6.439440240240240421e+00 1.150580801785768554e-164
6.446447237237237893e+00 9.661885365055897780e-165
6.453454234234234477e+00 8.116241080626545262e-165
6.460461231231231061e+00 6.820180552301886666e-165
6.467468228228228533e+00 5.733030554115805272e-165
6.474475225225225117e+00 4.820806157530524469e-165
6.481482222222222589e+00 4.055101125356171326e-165
6.488489219219219173e+00 3.412164001599893152e-165
6.495496216216216645e+00 2.872128553385977553e-165
6.502503213213213229e+00 2.418372556363112025e-165
6.509510210210210701e+00 2.036983334598473550e-165
6.516517207207207285e+00 1.716312128269304062e-165
6.523524204204204757e+00 1.446602398336305862e-165
6.530531201201201341e+00 1.219679694837904697e-165
6.537538198198198813e+00 1.028692803741480476e-165
6.544545195195195397e+00 8.678976201885953035e-166
6.551552192192192869e+00 7.324766344506610712e-166
6.558559189189189453e+00 6.183881114113358179e-166
6.565566186186186037e+00 5.222400366301938056e-166
6.572573183183183509e+00 4.411847265529023706e-166
6.579580180180180093e+00 3.728306858014463150e-166
6.586587177177177566e+00 3.151688643812484667e-166
6.593594174174174150e+00 2.665109416941053002e-166
6.600601171171171622e+00 2.254376586999759294e-166
6.607608168168168206e+00 1.907555479058509537e-166
6.614615165165165678e+00 1.614606842491167632e-166
6.621622162162162262e+00 1.367083076590177872e-166
6.628629159159159734e+00 1.157873578163094304e-166
6.635636156156156318e+00 9.809911977621951502e-167
6.642643153153153790e+00 8.313931097569355232e-167
6.649650150150150374e+00 7.048305012176837775e-167
6.656657147147147846e+00 5.977224021283720329e-167
6.663664144144144430e+00 5.070497452403768750e-167
6.670671141141141014e+00 4.302663832246228293e-167
6.677678138138138486e+00 3.652243247320699061e-167
6.684685135135135070e+00 3.101108970506278194e-167
6.691692132132132542e+00 2.633959158363929312e-167
6.698699129129129126e+00 2.237872540398371913e-167
6.705706126126126598e+00 1.901934627572744923e-167
6.712713123123123182e+00 1.616923147442444810e-167
6.719720120120120654e+00 1.375043237520160532e-167
6.726727117117117238e+00 1.169704455490086813e-167
6.733734114114114711e+00 9.953329434999358877e-168
6.740741111111111294e+00 8.472131547208199327e-168
6.747748108108108767e+00 7.213544476860048653e-168
6.754755105105105351e+00 6.143786060016815150e-168
6.761762102102102823e+00 5.234249715647773782e-168
6.768769099099099407e+00 4.460704082405409381e-168
6.775776096096095991e+00 3.802617565969708176e-168
6.782783093093093463e+00 3.242588125969719191e-168
6.789790090090090047e+00 2.765861756868310444e-168
6.796797087087087519e+00 2.359925741647724286e-168
6.803804084084084103e+00 2.014164961657169410e-168
6.810811081081081575e+00 1.719571398338201597e-168
6.817818078078078159e+00 1.468498519478725408e-168
6.824825075075075631e+00 1.254453551680412201e-168
6.831832072072072215e+00 1.071921741671956059e-168
6.838839069069069687e+00 9.162176353225712533e-169
6.845846066066066271e+00 7.833591826822035038e-169
6.852853063063063743e+00 6.699611335453168142e-169
6.859860060060060327e+00 5.731447405779475536e-169
6.866867057057057799e+00 4.904612524737351086e-169
6.873874054054054383e+00 4.198270717679310928e-169
6.880881051051050967e+00 3.594687824682708123e-169
6.887888048048048439e+00 3.078765313348169721e-169
6.894895045045045023e+00 2.637644816596796049e-169
6.901902042042042495e+00 2.260372566625568760e-169
6.908909039039039079e+00 1.937614569264542899e-169
6.915916036036036552e+00 1.661414775263923691e-169
6.922923033033033136e+00 1.424989697524555891e-169
6.929930030030030608e+00 1.222553930491989620e-169
6.936937027027027192e+00 1.049171878890875477e-169
6.943944024024024664e+00 9.006317221447406848e-170
6.950951021021021248e+00 7.733382487926629698e-170
6.957958018018018720e+00 6.642217093257362645e-170
6.964965015015015304e+00 5.706602707380245772e-170
6.971972012012011888e+00 4.904140240466011122e-170
6.978979009009009360e+00 4.215688074585961501e-170
6.985986006006005944e+00 3.624883715270271506e-170
6.992993003003003416e+00 3.117736359185485462e-170
7.000000000000000000e+00 2.682279765659334866e-170
